1,0.05,0.1,0.075,0.025,0.1,0.025,0.075,0,0.05,0,0.1,0.175,0.05,0.1,0.05,0.025
1,0.1,0.05,0.05,0.1,0.1,0.075,0.075,0.05,0.025,0.125,0.025,0.05,0.075,0.05,0.05,0
1,0.2,0.075,0.05,0.05,0.075,0.075,0.1,0.025,0.025,0.075,0.025,0.05,0.075,0.025,0,0.075
1,0.125,0.125,0,0.1,0.1,0.05,0.05,0.075,0.075,0.025,0.075,0,0.05,0.075,0.05,0.025
1,0.2,0,0.075,0.15,0,0.025,0.075,0,0.1,0.025,0.075,0.05,0.125,0.05,0.025,0.025
1,0.025,0.025,0,0.025,0.05,0.125,0,0.175,0.025,0.05,0.1,0.05,0,0.15,0.1,0.1
1,0.05,0,0.05,0.025,0,0.025,0.025,0.15,0.05,0.1,0.075,0.075,0.025,0.1,0.15,0.1
1,0,0,0.05,0.1,0.05,0.025,0.05,0.025,0.05,0.1,0.175,0.1,0.05,0.05,0.125,0.05
1,0.05,0.075,0.05,0.1,0.025,0.025,0.075,0.05,0.125,0.05,0.05,0.05,0.075,0.025,0.1,0.075
1,0.025,0.05,0.15,0.025,0.1,0.05,0.05,0.025,0.075,0.025,0.05,0.125,0.05,0.1,0,0.1
1,0,0.025,0,0.05,0.05,0.2,0.1,0.1,0.025,0.075,0.075,0.075,0,0.125,0.075,0.025
1,0.2,0.025,0.05,0.1,0.05,0,0.1,0,0.075,0.05,0.025,0.05,0.075,0.075,0.025,0.1
1,0.025,0.025,0.075,0.1,0.05,0.1,0.075,0.025,0.075,0.025,0.05,0.125,0.1,0.075,0.075,0
1,0.1,0.05,0.05,0.125,0.075,0.075,0.025,0.05,0,0.05,0,0.05,0.125,0.05,0.025,0.15
1,0.025,0.075,0.1,0.025,0.075,0.025,0.025,0.05,0.05,0,0.075,0.125,0.1,0.05,0.05,0.15
1,0.025,0.025,0.05,0.075,0.05,0.05,0.1,0.05,0.05,0.125,0.1,0.075,0.025,0.075,0.1,0.025
1,0.15,0.05,0.05,0.075,0.025,0,0.05,0,0.05,0.025,0.075,0.1,0.075,0,0.075,0.2
1,0.1,0.075,0.05,0.05,0.05,0.025,0,0.1,0.1,0,0.05,0.05,0.05,0.05,0.1,0.15
1,0.025,0.05,0.075,0.05,0.075,0.05,0.025,0.05,0.05,0.05,0.075,0.125,0.05,0.05,0.125,0.075
1,0,0.125,0.075,0.075,0.15,0.1,0.075,0.025,0.05,0.05,0.05,0.025,0.075,0.075,0,0.05
1,0,0.075,0.05,0.025,0.025,0.075,0.05,0.125,0.075,0.075,0.075,0.075,0.05,0.05,0.125,0.05
1,0.15,0.075,0.05,0.075,0.075,0.075,0.025,0.025,0.1,0.025,0.075,0.075,0.05,0,0.125,0
1,0.075,0,0.1,0.075,0.025,0.025,0.1,0.05,0.075,0.125,0.075,0.075,0.075,0.05,0.075,0
1,0.125,0.125,0.1,0.025,0.175,0.075,0,0.025,0.025,0.05,0.025,0.05,0.05,0.025,0.025,0.1
1,0.125,0.025,0.025,0.075,0,0.125,0.15,0.05,0.075,0.075,0.025,0.025,0.025,0.125,0,0.075
1,0.15,0.025,0.05,0.05,0.05,0.025,0.05,0.05,0.075,0.05,0.025,0.075,0,0.05,0.125,0.15
1,0.15,0.025,0.025,0.075,0.1,0.05,0.025,0,0,0.075,0,0.05,0.05,0.025,0.05,0.3
1,0.075,0.025,0.125,0.025,0.075,0.05,0.025,0.1,0.1,0.075,0.075,0.025,0.025,0.075,0.05,0.075
1,0.075,0.1,0.075,0.025,0.05,0.025,0.025,0.05,0.075,0,0.1,0.075,0.1,0.025,0.05,0.15
1,0.025,0.05,0.05,0.025,0.025,0.025,0.025,0.15,0.05,0.1,0.2,0,0.075,0.05,0.05,0.1
1,0.125,0.075,0.025,0.1,0.05,0,0,0.05,0.025,0.025,0,0.1,0.15,0,0.1,0.175
1,0,0.025,0.1,0,0,0,0.1,0.125,0.15,0.15,0.2,0,0,0.025,0.1,0.025
1,0.125,0.025,0.075,0.1,0.075,0.05,0.025,0.025,0.1,0.05,0,0.025,0.025,0.075,0.075,0.15
1,0.05,0,0.05,0.05,0.025,0.05,0.125,0.05,0.075,0.1,0.125,0.05,0,0.1,0.075,0.075
1,0.1,0.125,0,0.05,0.05,0.075,0,0.175,0,0.025,0.05,0,0.125,0.05,0.025,0.15
1,0.275,0.05,0.075,0.025,0.075,0.075,0.05,0.05,0.025,0.025,0,0.075,0.05,0.075,0.025,0.05
1,0.125,0.1,0.025,0.05,0.025,0.1,0.1,0.05,0.05,0.05,0.075,0.025,0.075,0.025,0.025,0.1
1,0.075,0,0.15,0.025,0.025,0.05,0.025,0.1,0.075,0.125,0.05,0.025,0.075,0.025,0.075,0.1
1,0.125,0.025,0.05,0.025,0.05,0.075,0.025,0.025,0.05,0.05,0,0.05,0.025,0.025,0.05,0.35
1,0.05,0.05,0.05,0.125,0.075,0.05,0.1,0.075,0.1,0.075,0,0.025,0.05,0.125,0.05,0
1,0.1,0.1,0.075,0.05,0.1,0.025,0.075,0,0.05,0.075,0.05,0.1,0.075,0.025,0.075,0.025
1,0.1,0.025,0.025,0.05,0.075,0.175,0.025,0.1,0.025,0,0.05,0.05,0.025,0.15,0.025,0.1
1,0.05,0,0.1,0.1,0.025,0,0.025,0,0.15,0.025,0.25,0.075,0.05,0.025,0.1,0.025
1,0.05,0.075,0.075,0.125,0.1,0.05,0.05,0.025,0.1,0.075,0.05,0.025,0.075,0.025,0.05,0.05
1,0.225,0.1,0.05,0.05,0.1,0.05,0.025,0.05,0.05,0.05,0,0.025,0.025,0.05,0.05,0.1
1,0.275,0.075,0.05,0.05,0.075,0.025,0.025,0.025,0.05,0.025,0.075,0.05,0.05,0.025,0.075,0.05
1,0.125,0.05,0.075,0.05,0.1,0.15,0.05,0.05,0.075,0.1,0.05,0,0.025,0.05,0.025,0.025
1,0.1,0.05,0.05,0.175,0.025,0.05,0.05,0.025,0.125,0,0.05,0.025,0.125,0.05,0.05,0.05
1,0,0.025,0.1,0.025,0.05,0.1,0.05,0.075,0.05,0.075,0.15,0.1,0.05,0.1,0.05,0
1,0.1,0.15,0.15,0.05,0.15,0,0,0.05,0.075,0.025,0.025,0.05,0.1,0.025,0,0.05
1,0.075,0.05,0.05,0.075,0.025,0.025,0.075,0.025,0.075,0.05,0.05,0.1,0.1,0.025,0.1,0.1
1,0.05,0.125,0.025,0.075,0.1,0.1,0.1,0.075,0.025,0.075,0,0.025,0.075,0.075,0.025,0.05
1,0.175,0.025,0.05,0.075,0,0.05,0,0.075,0.025,0,0.075,0.1,0.125,0.025,0.075,0.125
1,0.1,0.025,0.1,0.075,0.05,0.075,0.05,0.05,0.125,0.05,0.025,0.05,0.025,0.075,0.075,0.05
1,0.1,0.025,0.15,0,0.05,0.05,0,0.05,0.025,0.05,0.15,0.125,0.1,0.025,0.05,0.05
1,0.125,0.125,0.025,0.075,0.125,0.025,0.075,0,0.1,0,0.05,0.05,0.025,0.05,0.05,0.1
1,0.025,0.075,0.025,0.05,0.075,0.15,0.025,0.125,0.025,0.075,0.05,0.025,0.025,0.1,0.075,0.075
1,0.225,0.05,0.025,0.1,0.125,0.025,0.025,0.05,0.025,0.025,0,0.05,0.025,0.1,0.075,0.075
1,0.05,0.075,0.05,0.125,0.075,0.075,0.05,0.05,0.1,0,0.05,0.025,0.075,0.1,0.025,0.075
1,0.15,0.075,0.05,0.1,0.125,0,0.075,0.05,0.025,0.05,0.025,0.025,0.05,0.125,0,0.075
1,0.15,0.05,0.05,0.125,0,0.05,0.05,0.05,0.15,0,0.05,0,0.075,0.05,0.05,0.1
1,0.275,0.125,0.025,0.125,0.1,0.05,0.025,0,0.05,0,0.025,0.025,0.1,0,0.05,0.025
1,0.125,0.05,0.1,0.025,0.1,0.05,0,0.1,0.025,0.025,0.05,0.075,0.025,0.15,0.025,0.075
1,0.05,0.075,0.075,0.05,0.075,0,0.075,0.025,0.075,0.1,0.175,0.025,0.025,0,0.05,0.125
1,0.125,0,0.075,0.05,0.05,0,0.025,0.05,0.075,0.05,0.1,0.125,0,0.075,0.125,0.075
1,0.15,0.05,0.075,0.1,0.025,0,0.025,0.075,0.05,0.05,0.025,0.025,0.125,0.025,0.05,0.15
1,0.025,0.05,0.025,0.1,0.025,0.075,0.075,0.075,0.075,0.1,0.1,0,0.075,0.025,0.075,0.1
1,0.075,0.075,0.05,0.1,0.1,0.075,0.05,0.025,0.075,0.025,0.1,0.075,0.05,0.05,0.075,0
1,0.05,0.125,0.075,0.05,0.075,0,0.075,0.075,0.05,0.025,0.05,0.075,0.1,0.075,0.025,0.075
1,0.25,0.025,0.075,0.025,0.1,0.05,0.1,0.05,0.025,0.15,0.025,0,0.025,0.075,0,0.025
1,0.15,0.025,0.075,0.025,0.05,0.025,0.025,0.075,0.1,0.075,0.05,0.075,0,0.05,0.125,0.075
1,0.075,0.05,0.05,0.15,0.075,0.025,0,0.025,0.075,0.025,0.075,0.05,0.1,0.025,0.1,0.1
1,0.05,0.075,0.025,0.1,0.125,0.175,0.05,0,0.025,0.05,0,0.025,0.05,0.025,0.05,0.175
1,0,0.05,0.05,0.075,0.075,0.175,0.075,0.025,0.1,0.025,0.075,0.075,0,0.1,0.075,0.025
1,0.1,0.075,0.05,0.025,0.05,0.05,0.05,0.1,0.075,0.075,0.1,0.025,0.05,0.025,0.075,0.075
1,0.175,0.075,0,0.075,0.075,0.075,0.1,0.05,0.025,0.05,0.125,0.025,0.05,0.075,0,0.025
1,0.1,0.1,0.075,0.075,0.1,0,0.025,0.025,0.075,0,0.075,0.1,0.05,0.075,0.075,0.05
1,0.025,0.075,0.025,0.075,0.075,0.05,0.075,0.05,0.075,0.025,0.075,0.1,0.025,0.1,0.075,0.075
1,0.025,0.15,0.075,0.05,0.1,0.1,0.075,0.05,0.1,0.05,0,0.05,0.05,0.025,0.075,0.025
1,0,0.05,0.05,0,0.05,0.2,0.1,0.05,0.05,0.125,0.15,0.05,0.025,0.025,0.075,0
1,0,0.05,0.1,0.05,0.125,0.125,0,0.125,0.05,0.025,0.025,0.075,0.025,0.15,0.075,0
1,0,0.05,0.075,0.025,0.05,0.025,0.1,0.075,0,0.125,0.05,0.175,0.1,0.05,0.1,0
1,0.025,0.05,0.1,0.025,0.1,0.15,0,0.075,0.05,0.05,0.05,0.025,0.025,0.075,0.05,0.15
1,0.05,0.075,0.025,0.05,0.05,0.075,0.05,0.125,0.05,0.05,0.075,0.05,0.05,0.1,0.05,0.075
1,0.025,0.025,0,0.1,0.05,0.05,0.025,0.125,0.025,0.05,0,0.05,0.05,0.125,0.1,0.2
1,0.075,0.175,0,0.025,0.075,0.075,0.175,0.025,0.1,0.025,0,0.05,0.025,0.075,0,0.1
1,0.225,0.125,0.025,0.1,0.1,0.025,0,0.1,0.025,0,0.025,0,0.1,0.075,0.025,0.05
1,0.025,0.125,0,0.05,0.075,0.1,0.075,0.1,0.075,0.025,0.025,0.05,0.05,0.1,0.05,0.075
1,0.1,0.025,0.125,0.05,0.05,0,0.125,0,0.175,0.075,0.05,0.05,0,0.05,0.05,0.075
1,0.175,0,0.05,0.15,0.05,0.075,0,0.025,0.05,0.025,0.075,0.05,0.075,0.075,0.075,0.05
1,0.15,0.025,0.05,0.025,0.025,0.025,0.1,0.025,0.05,0.05,0.075,0.075,0.05,0.05,0.025,0.2
1,0.125,0.05,0.025,0.05,0.025,0,0.05,0.025,0.05,0.05,0.175,0.125,0.025,0.025,0.15,0.05
1,0.075,0.075,0.05,0.15,0.075,0,0,0.025,0.125,0.025,0.075,0.025,0.1,0,0.125,0.075
1,0.225,0.1,0.075,0.05,0.1,0.075,0,0.025,0.075,0,0.025,0.05,0.025,0.025,0.05,0.1
1,0.2,0,0.075,0.1,0.05,0.025,0,0.025,0.075,0,0.05,0.025,0.05,0.075,0.025,0.225
1,0.125,0.075,0.075,0.075,0.025,0.125,0.075,0.05,0.1,0.025,0,0.025,0.1,0.075,0,0.05
1,0.1,0.175,0.05,0.1,0.1,0.025,0,0.1,0.05,0,0,0.025,0.15,0.025,0.025,0.075
1,0.025,0.1,0.05,0,0.025,0.05,0.075,0.125,0.1,0.025,0.075,0.075,0,0.1,0.075,0.1
1,0.05,0,0.125,0.05,0.05,0,0.025,0.075,0,0.075,0.1,0.125,0.1,0.1,0.05,0.075
1,0.175,0.025,0.05,0.025,0.075,0.075,0.025,0.1,0.05,0.1,0.075,0,0,0.075,0.075,0.075
1,0.075,0.05,0.125,0.1,0.1,0.05,0.025,0,0.125,0,0,0.075,0.05,0.1,0.05,0.075
1,0.1,0.075,0.025,0.125,0.075,0.05,0.025,0.05,0.025,0.025,0.025,0.05,0.125,0.05,0.025,0.15
1,0.05,0.025,0.05,0.025,0,0.025,0.075,0.05,0.025,0.05,0.15,0.15,0.05,0.05,0.1,0.125
1,0.075,0.05,0.125,0.05,0.05,0,0.025,0,0.125,0.025,0.05,0.15,0.075,0,0.125,0.075
1,0.1,0.025,0.175,0.025,0.075,0.05,0.05,0.05,0.075,0.15,0.075,0.025,0.05,0,0.025,0.05
1,0.025,0.05,0.025,0.05,0.05,0.075,0.05,0.025,0,0,0.1,0.1,0.075,0.075,0,0.3
1,0.075,0.1,0.025,0.075,0.075,0.075,0.05,0.05,0.025,0.05,0.05,0.075,0.1,0.025,0.05,0.1
1,0.15,0.15,0.075,0,0.075,0.05,0.1,0.075,0.1,0.05,0.025,0.025,0.05,0.025,0,0.05
1,0.15,0.025,0.1,0.05,0.05,0.05,0.05,0.075,0.05,0.05,0.125,0.025,0.075,0.075,0,0.05
1,0.15,0.075,0.15,0.05,0.05,0,0.075,0.025,0.15,0.05,0.025,0.05,0.05,0.025,0.025,0.05
1,0.025,0.05,0.025,0.1,0.075,0.125,0.05,0.05,0.025,0.025,0,0.1,0.075,0.1,0.05,0.125
1,0.075,0.05,0.075,0.15,0.125,0,0,0.025,0.05,0.05,0.1,0,0.075,0.05,0.025,0.15
1,0.05,0.05,0.075,0.075,0.1,0,0.075,0.025,0.05,0.1,0.1,0.05,0.05,0.05,0.075,0.075
1,0.125,0.05,0.025,0.1,0.075,0.1,0.025,0.15,0.025,0.025,0,0,0.075,0.15,0,0.075
1,0.175,0.025,0,0.075,0.075,0.1,0.075,0.025,0.025,0.05,0.025,0.05,0.025,0.1,0.025,0.15
1,0,0.05,0.125,0.025,0.075,0.45,0,0.025,0.1,0.025,0,0.025,0.025,0.05,0.025,0
1,0.1,0.025,0.075,0.1,0.025,0.05,0.05,0.025,0.025,0.05,0.05,0.1,0.15,0.025,0.05,0.1
1,0.1,0.125,0.05,0.05,0.1,0.025,0.05,0.1,0.075,0.05,0,0,0.075,0.075,0.025,0.1
1,0.15,0.075,0.075,0.175,0.05,0.025,0,0.05,0.05,0,0.05,0.025,0.225,0.025,0,0.025
1,0.025,0.025,0.075,0.075,0.05,0.05,0.025,0,0.075,0.025,0.15,0.125,0.05,0,0.125,0.125
1,0.2,0.05,0.05,0.1,0.05,0,0.025,0,0.1,0,0.05,0.05,0.075,0.025,0.05,0.175
1,0,0.075,0.05,0.075,0.025,0.025,0.025,0.05,0.05,0,0.125,0.125,0.15,0,0.1,0.125
1,0.125,0.125,0.075,0.1,0.05,0.025,0.025,0.025,0.125,0,0,0.025,0.125,0,0.025,0.15
1,0,0.05,0.025,0.075,0.075,0.2,0.05,0.175,0.025,0.075,0,0,0.05,0.15,0.025,0.025
1,0.125,0.075,0.05,0.075,0.075,0.075,0,0.05,0.1,0.025,0.05,0.025,0.05,0.025,0.1,0.1
1,0.075,0.05,0.075,0.125,0.05,0,0.025,0.025,0.075,0,0.05,0.05,0.1,0.05,0.05,0.2
1,0.075,0,0.05,0.2,0.05,0.025,0,0,0.05,0.025,0,0.05,0.125,0.025,0.075,0.25
1,0.075,0.025,0.075,0.075,0,0,0.075,0.075,0.075,0.025,0.125,0.075,0.1,0.1,0,0.1
1,0.075,0.1,0.05,0.025,0.125,0,0.075,0.075,0.025,0.05,0.075,0.075,0,0.125,0.025,0.1
1,0.025,0.1,0.05,0.05,0.075,0.05,0.025,0.125,0.025,0.05,0.05,0.05,0.075,0.075,0.075,0.1
1,0.2,0.05,0.05,0.1,0.075,0.025,0.025,0.075,0.075,0.05,0,0,0.05,0.1,0.05,0.075
1,0.275,0,0.075,0.05,0.025,0,0.05,0.025,0.05,0.1,0.125,0.05,0.05,0,0.075,0.05
1,0.1,0.05,0.05,0.025,0.05,0,0.05,0.075,0.075,0.075,0.075,0.075,0,0.05,0.125,0.125
1,0.225,0,0.125,0.05,0.05,0,0.05,0.025,0.075,0.1,0.075,0.075,0.025,0.025,0.075,0.025
1,0.05,0,0.05,0.125,0.1,0.05,0,0.05,0.025,0.05,0.05,0.1,0.05,0.1,0.1,0.1
1,0.2,0.05,0.025,0.05,0,0.05,0.05,0.075,0.05,0.025,0.15,0.05,0.075,0.05,0.025,0.075
1,0.15,0.05,0.025,0,0.025,0.05,0.175,0.075,0.05,0.1,0.075,0.05,0.025,0.1,0,0.05
1,0.025,0.05,0.025,0.025,0,0.025,0.075,0.1,0.05,0.05,0.325,0.05,0.025,0.075,0.05,0.05
1,0.05,0,0.1,0.075,0.025,0,0.075,0.025,0.05,0.075,0,0.025,0.1,0.05,0,0.35
1,0.075,0.05,0.025,0.125,0.075,0.125,0,0.05,0.05,0,0.025,0.025,0.1,0.075,0.05,0.15
1,0.1,0.025,0.1,0.025,0.1,0,0.05,0.05,0.025,0.1,0.075,0.075,0.05,0.075,0.025,0.125
1,0.025,0.05,0,0.125,0.05,0.1,0.05,0.05,0.075,0.025,0.075,0.075,0.025,0.075,0.15,0.05
1,0.05,0.05,0.075,0.05,0.025,0,0,0.075,0,0,0.075,0.125,0.125,0.05,0.075,0.225
1,0.175,0.025,0.05,0.1,0.025,0,0.075,0.1,0.05,0.05,0.05,0.025,0.1,0.125,0,0.05
1,0.075,0.025,0.05,0.075,0.05,0.1,0.025,0.05,0.025,0,0.1,0.075,0.075,0.1,0.025,0.15
1,0.05,0.025,0.1,0.025,0.05,0,0.1,0.05,0.075,0.125,0.15,0.075,0,0.05,0.1,0.025
1,0.2,0.05,0,0.175,0.025,0,0,0.05,0,0,0,0.025,0.175,0.025,0.025,0.25
1,0.125,0.05,0,0.05,0.025,0.125,0.1,0.1,0,0.075,0.025,0.05,0.075,0.1,0.025,0.075
1,0.05,0.05,0.075,0.075,0.075,0.05,0.075,0.025,0.075,0.1,0.05,0.025,0.05,0.05,0.05,0.125
1,0.175,0,0.125,0.075,0.025,0.05,0.05,0.025,0.125,0.025,0.05,0.075,0.05,0.075,0.05,0.025
1,0.1,0.075,0.075,0,0.025,0,0.1,0.05,0.125,0.1,0.075,0.1,0,0.025,0.15,0
1,0.025,0.05,0.05,0.05,0.025,0.1,0.05,0.075,0.05,0.025,0.1,0.075,0.075,0.05,0.075,0.125
1,0.125,0.05,0.1,0.05,0.025,0.025,0.075,0.05,0.05,0.025,0.1,0.1,0.1,0.075,0.025,0.025
1,0.15,0.075,0.025,0.1,0.075,0.15,0.025,0.05,0.05,0,0.025,0.025,0.075,0.05,0.05,0.075
1,0.2,0,0.1,0.05,0.025,0,0.075,0.025,0.1,0.05,0.075,0.05,0.025,0.075,0.025,0.125
1,0.075,0.025,0.025,0.05,0,0.05,0.1,0.1,0.025,0.1,0.05,0.05,0.075,0.05,0.05,0.175
1,0.15,0.075,0.05,0.025,0.1,0.125,0.025,0.075,0.025,0.025,0.05,0.075,0.025,0.075,0.05,0.05
1,0.05,0.025,0.125,0.05,0.025,0.075,0.05,0.05,0.125,0.05,0.05,0.05,0.05,0.05,0.05,0.125
1,0.075,0.05,0.1,0.125,0.075,0.025,0,0.05,0.15,0.025,0.025,0.025,0.075,0.05,0.075,0.075
1,0.075,0.025,0.025,0.175,0.025,0,0,0.075,0.05,0,0.025,0.1,0.125,0.1,0.125,0.075
1,0.05,0.05,0.15,0.075,0.075,0.05,0.05,0,0.1,0.075,0.175,0.025,0.075,0,0.025,0.025
1,0.1,0.125,0.075,0.05,0.2,0.075,0,0.075,0.025,0.1,0,0.025,0.025,0.05,0.075,0
1,0.075,0.025,0.025,0.125,0.05,0,0.025,0.025,0.025,0,0.025,0.025,0.125,0.075,0,0.375
1,0.075,0.075,0.075,0.025,0.025,0.05,0.025,0.1,0.075,0,0.05,0.075,0.1,0.075,0.05,0.125
1,0.025,0.075,0.05,0.1,0.075,0.075,0.025,0.075,0.1,0.025,0.05,0.05,0.075,0.05,0.1,0.05
1,0.15,0.025,0.05,0.15,0.125,0.075,0.025,0.025,0,0.075,0.025,0,0.075,0.1,0,0.1
1,0.05,0.025,0.1,0.075,0.05,0.05,0.05,0.025,0.1,0.05,0.05,0.1,0.05,0.05,0.1,0.075
1,0.075,0.025,0.025,0.1,0,0.1,0.1,0.075,0.075,0.075,0.025,0.025,0.05,0.075,0.075,0.1
1,0.125,0.05,0.075,0.025,0.025,0.1,0.075,0.075,0.1,0.05,0.025,0.025,0.025,0.075,0.025,0.125
1,0.025,0.05,0.075,0.125,0.05,0,0.075,0.075,0.1,0.075,0.025,0.025,0.1,0.075,0.05,0.075
1,0.025,0.05,0.075,0.05,0.05,0.05,0.025,0.075,0.1,0.075,0.1,0.075,0.025,0.05,0.125,0.05
1,0.075,0.075,0.025,0.05,0.05,0.075,0.05,0.15,0.05,0.05,0,0.05,0.05,0.1,0.1,0.05
1,0.125,0.075,0.025,0.075,0.025,0.05,0.05,0.075,0.05,0.025,0.025,0.05,0.075,0.05,0.05,0.175
1,0.2,0.05,0.05,0.1,0.15,0.025,0.025,0.025,0.025,0.025,0,0.05,0.05,0.1,0.025,0.1
1,0.125,0.025,0.05,0.05,0.05,0.05,0.05,0,0.05,0.05,0.075,0.15,0.025,0.025,0.125,0.1
1,0.2,0.075,0.1,0.025,0.1,0.1,0.025,0.025,0.075,0.05,0.05,0.025,0.025,0.05,0.025,0.05
1,0.125,0.05,0.025,0.075,0.075,0.05,0.1,0.075,0.025,0.075,0.025,0.05,0.05,0.15,0.025,0.025
1,0.05,0.05,0.025,0.1,0.075,0.125,0,0.05,0.025,0.025,0.1,0.05,0.05,0.05,0.075,0.15
1,0.075,0,0.05,0.175,0.05,0,0,0.025,0.125,0.05,0.05,0.075,0.05,0.025,0.175,0.075
1,0.125,0.025,0.075,0.15,0.05,0.05,0,0.075,0.05,0,0.025,0.025,0.15,0.1,0,0.1
1,0.125,0.075,0.05,0.025,0.05,0.05,0.05,0.05,0.05,0.05,0.05,0.05,0.075,0.025,0.05,0.175
1,0.075,0.1,0.025,0.1,0.05,0.05,0,0.125,0.025,0,0.025,0.025,0.15,0.1,0.025,0.125
1,0.3,0.05,0,0.075,0.05,0.125,0.025,0.05,0.025,0.025,0,0,0.075,0.05,0.025,0.125
1,0.1,0.125,0.025,0.025,0.05,0.05,0.175,0.025,0.075,0.1,0.05,0.05,0.05,0.025,0.025,0.05
1,0.1,0.075,0.15,0,0.075,0.075,0.05,0.05,0.1,0.075,0.125,0.025,0.05,0.025,0,0.025
1,0.075,0.125,0.05,0,0.1,0.1,0.1,0,0.025,0.075,0.05,0.125,0.05,0,0.075,0.05
1,0.1,0,0.025,0.075,0.025,0,0.05,0.025,0,0.05,0.15,0.125,0.075,0.075,0.1,0.125
1,0.15,0.075,0.075,0.075,0.1,0.025,0,0.05,0.025,0.025,0,0.125,0.1,0.05,0.075,0.05
1,0.05,0.025,0.2,0,0.025,0.125,0.05,0.05,0.15,0.05,0.025,0.075,0.05,0.05,0.025,0.05
1,0.175,0,0.075,0.1,0.075,0.1,0,0.025,0.1,0,0,0.05,0.025,0.075,0.075,0.125
1,0.05,0,0.175,0.075,0.05,0,0,0.075,0.025,0.075,0.15,0.1,0.175,0.05,0,0
1,0.125,0,0.025,0.05,0.025,0.05,0.075,0,0.05,0.075,0.125,0.1,0,0.025,0.125,0.15
1,0.05,0.025,0.1,0.05,0.05,0.05,0,0.05,0.125,0.025,0.075,0.1,0,0.05,0.15,0.1
1,0,0.1,0,0.15,0.025,0.025,0.075,0.075,0.05,0.025,0,0.05,0.175,0.05,0.05,0.15
1,0.175,0.125,0.025,0.05,0.1,0,0.05,0.05,0.05,0.025,0.1,0.05,0.025,0.05,0.075,0.05
1,0.05,0.05,0.1,0.05,0.1,0,0.05,0,0.075,0.025,0.15,0.1,0.025,0.075,0.075,0.075
1,0.05,0.1,0.025,0.125,0.05,0.05,0.075,0.075,0.1,0.075,0.025,0.025,0.075,0.025,0.1,0.025
1,0.1,0.05,0.075,0.1,0.05,0.05,0.05,0.05,0.1,0.075,0.05,0,0.1,0.025,0.025,0.1
1,0.15,0.1,0.075,0.025,0.05,0,0,0.125,0.05,0,0.1,0.05,0.1,0.05,0.05,0.075
1,0.125,0,0,0.05,0,0.075,0.15,0.05,0.025,0.025,0,0.125,0,0.2,0.025,0.15
1,0.05,0.075,0.05,0.05,0.025,0.05,0.1,0.05,0.1,0.05,0.075,0.025,0.05,0.05,0.025,0.175
1,0.1,0.05,0.125,0.05,0.05,0.025,0,0.05,0.05,0.025,0.075,0.075,0.125,0.025,0.05,0.125
1,0.1,0.075,0.1,0.075,0.125,0,0,0.025,0.075,0.025,0.05,0.075,0.05,0.05,0.05,0.125
1,0.025,0.05,0,0.075,0.075,0.1,0.075,0.075,0,0.075,0.075,0,0.05,0.125,0,0.2
1,0.15,0.075,0.1,0.05,0.125,0.05,0.025,0.025,0.1,0.075,0.125,0,0,0.025,0.025,0.05
1,0.175,0.075,0,0.125,0.1,0.025,0.125,0,0.05,0.1,0.025,0,0.05,0.025,0.025,0.1
1,0.15,0.1,0.075,0.05,0.025,0.05,0.025,0.05,0.125,0,0.125,0.05,0.05,0,0.1,0.025
1,0.15,0.05,0.05,0.1,0.025,0.075,0,0.075,0.075,0.025,0.075,0,0.1,0.025,0.05,0.125
1,0,0.05,0,0.1,0.05,0.05,0.075,0.05,0.025,0.05,0.1,0.1,0.075,0.075,0.125,0.075
1,0.15,0.075,0.15,0,0.075,0,0.05,0,0.125,0.025,0.025,0.15,0.05,0,0.1,0.025
1,0.025,0.025,0.025,0.05,0.075,0.125,0.125,0.075,0.025,0.125,0.05,0.05,0,0.125,0.025,0.075
1,0.15,0.05,0.025,0.125,0.025,0.075,0,0.075,0,0.025,0.025,0.025,0.15,0.025,0.025,0.2
1,0.2,0.025,0.075,0.125,0.05,0,0.025,0.05,0.125,0.075,0.05,0,0.075,0.025,0.075,0.025
1,0.05,0.025,0.1,0.05,0.05,0.125,0.075,0.025,0.075,0.025,0.05,0.075,0.05,0.1,0.025,0.1
1,0.075,0.075,0.1,0.075,0.075,0.075,0,0.125,0.05,0.05,0.025,0.05,0.1,0.075,0.05,0
1,0.2,0.05,0.125,0.05,0.125,0,0.05,0,0.075,0.075,0,0.075,0.025,0.05,0.05,0.05
1,0.05,0.025,0.05,0.125,0.05,0,0.025,0.1,0.075,0.05,0,0.1,0.075,0.075,0.175,0.025
1,0,0.1,0.025,0.125,0.175,0.05,0,0.125,0.025,0.05,0,0,0.05,0.15,0.05,0.075
1,0.1,0.05,0,0.075,0.05,0.025,0.05,0.075,0.025,0.05,0.1,0.1,0.075,0.05,0.125,0.05
1,0.05,0.025,0,0.05,0.05,0.125,0.15,0.05,0.05,0.1,0.05,0.025,0,0.1,0.025,0.15
1,0.05,0.05,0.075,0.075,0,0,0.025,0.1,0.025,0.025,0.075,0.125,0.2,0.05,0.05,0.075
1,0.15,0.05,0.125,0.025,0.1,0.025,0.025,0.025,0.05,0.05,0.1,0.1,0.05,0.025,0.05,0.05
1,0.075,0.05,0.05,0,0,0.125,0.05,0.125,0.075,0.05,0.15,0,0.025,0.075,0.05,0.1
1,0.225,0.05,0.05,0.1,0.075,0.025,0.075,0.025,0.075,0.075,0.025,0,0.075,0.05,0.025,0.05
1,0,0.075,0.05,0,0.05,0.075,0.15,0.025,0.075,0.125,0.05,0.05,0.025,0.025,0.05,0.175
1,0,0.05,0.1,0.025,0.025,0.025,0.05,0.075,0.1,0,0.175,0.1,0.05,0.1,0.05,0.075
1,0.125,0.025,0.1,0,0.05,0.075,0.1,0.05,0.05,0.15,0.075,0.075,0.025,0,0.075,0.025
1,0.075,0,0.075,0.075,0,0,0.075,0.05,0.075,0,0.075,0.1,0.05,0.125,0.025,0.2
1,0.225,0.05,0.075,0.1,0.075,0.075,0,0.1,0.025,0.05,0,0,0.1,0.075,0,0.05
1,0.275,0.1,0.05,0.025,0.075,0.05,0,0.075,0.025,0.025,0,0.025,0.075,0.025,0.025,0.15
1,0.125,0.075,0.025,0.075,0.075,0.125,0,0.125,0,0.05,0.025,0.05,0.075,0.075,0.075,0.025
1,0.1,0.05,0.025,0.1,0.025,0.025,0.05,0.075,0.05,0.025,0.025,0.05,0.125,0.075,0.05,0.15
1,0.075,0.075,0.05,0.125,0.05,0.025,0.025,0.025,0.1,0,0.025,0.05,0.125,0.025,0.075,0.15
1,0.15,0.05,0.125,0.075,0,0.025,0,0.1,0.1,0.025,0.05,0.025,0.125,0.025,0.05,0.075
1,0.275,0.1,0.075,0.1,0.075,0.025,0,0.075,0.05,0.025,0,0,0.125,0.025,0,0.05
1,0.1,0.05,0.05,0.1,0.125,0.075,0,0.025,0.05,0.05,0.075,0.025,0.05,0.05,0.05,0.125
1,0.1,0.075,0.05,0.025,0.05,0.1,0.1,0.1,0.075,0.025,0,0.075,0.025,0.15,0,0.05
1,0.15,0,0,0.075,0,0.05,0.075,0.075,0.05,0.075,0.175,0.025,0.05,0.075,0.05,0.075
1,0.175,0,0.05,0.025,0.05,0.05,0.025,0.05,0.025,0.025,0.075,0.125,0.025,0.075,0.1,0.125
1,0.15,0.025,0.1,0.05,0.05,0.025,0.05,0.05,0.125,0.075,0.075,0,0.025,0.05,0.025,0.125
1,0.025,0.1,0.05,0.025,0.05,0.025,0.075,0.025,0.075,0.025,0.125,0.1,0.05,0.025,0.075,0.15
1,0.1,0.025,0.025,0.1,0.05,0,0.025,0.075,0.075,0.05,0.1,0.025,0,0.075,0.125,0.15
1,0.1,0.025,0.1,0.025,0.075,0,0.05,0,0.05,0.075,0.05,0.1,0.025,0,0.1,0.225
1,0.075,0.15,0.05,0,0.1,0.175,0.1,0.075,0.075,0.025,0,0.05,0.025,0.075,0,0.025
1,0.05,0.125,0.025,0.1,0.125,0.2,0.025,0.05,0.025,0.025,0.025,0.025,0.075,0.075,0.025,0.025
1,0.15,0,0.1,0.075,0.1,0.025,0.025,0.025,0.05,0.1,0.05,0.05,0.05,0.05,0.075,0.075
1,0.075,0.1,0,0.05,0,0,0.025,0.15,0.025,0.05,0.025,0.075,0.1,0.05,0.125,0.15
1,0.1,0.075,0.05,0.05,0.075,0.1,0.025,0.075,0.025,0.025,0.05,0.075,0.075,0.1,0.05,0.05
1,0.175,0.05,0,0.075,0.1,0.325,0,0.025,0,0,0,0.025,0.05,0.05,0.025,0.1
1,0.075,0.05,0,0.05,0,0.125,0.05,0.075,0.025,0.025,0.05,0.05,0.075,0.05,0.075,0.225
1,0.125,0.1,0.075,0.1,0.1,0.025,0,0.075,0.075,0.05,0.025,0.025,0.1,0,0.1,0.025
1,0.1,0.125,0.05,0.075,0.1,0.1,0.025,0.075,0.05,0.05,0.025,0.025,0.075,0.05,0.05,0.025
1,0.175,0.025,0.025,0.075,0,0,0.075,0.05,0.1,0.125,0.175,0.025,0.025,0,0.125,0
1,0.15,0.075,0.075,0.075,0.075,0.075,0,0.05,0.025,0.025,0.075,0.075,0.1,0.05,0.05,0.025
1,0.075,0.05,0.05,0.025,0.05,0.1,0.05,0.1,0.05,0.125,0.05,0.05,0.025,0.05,0.1,0.05
1,0.15,0.025,0.1,0,0.025,0.05,0.05,0.05,0.075,0.025,0.05,0.15,0.025,0.05,0.1,0.075
1,0.05,0,0.125,0.075,0.025,0.025,0,0.075,0.025,0.1,0.125,0.075,0.175,0,0.075,0.05
1,0.075,0.025,0.025,0.05,0.05,0.225,0.075,0.05,0.05,0.075,0.05,0.05,0.025,0.075,0.075,0.025
1,0.025,0.025,0.05,0.125,0.1,0,0.025,0.025,0,0.05,0.1,0.1,0.1,0.075,0.075,0.125
1,0.075,0,0.1,0.1,0.05,0.025,0.025,0.025,0.05,0.1,0.05,0.05,0.075,0.025,0.075,0.175
1,0.025,0.025,0.075,0.1,0.025,0.075,0.025,0.05,0.15,0.025,0.075,0.025,0.025,0.05,0.1,0.15
1,0.175,0.05,0.075,0.05,0.1,0.1,0,0.05,0.05,0.05,0.05,0.025,0.025,0.05,0.05,0.1
1,0.05,0.05,0.05,0.075,0.05,0,0.05,0.1,0.1,0,0.05,0.1,0.025,0.125,0.1,0.075
1,0.25,0.1,0.075,0.025,0.125,0,0.05,0.025,0.05,0.075,0.075,0.05,0.025,0.025,0.05,0
1,0.1,0.075,0.075,0.05,0.075,0.025,0.075,0.025,0.075,0.05,0.1,0.1,0.05,0.025,0.075,0.025
1,0.05,0.075,0.1,0.125,0.1,0.075,0.025,0.025,0.075,0.05,0,0.05,0.125,0.025,0.05,0.05
1,0.1,0.05,0,0.125,0.05,0.05,0.05,0.05,0.05,0.025,0.025,0,0.075,0.075,0.025,0.25
1,0.025,0.125,0,0.05,0.075,0.125,0.05,0.125,0.025,0.025,0.075,0.025,0.075,0.125,0.025,0.05
1,0.1,0.1,0.05,0.075,0.125,0.025,0.075,0.05,0.1,0.05,0,0.025,0,0.075,0.075,0.075
1,0,0.05,0.1,0.1,0.075,0.025,0.075,0.075,0.05,0.125,0,0.025,0.15,0.05,0.025,0.075
1,0.1,0.025,0.075,0.05,0.05,0.05,0.05,0.05,0.125,0.075,0,0.075,0,0.05,0.15,0.075
1,0.325,0.075,0.025,0.05,0.05,0,0.025,0.05,0.05,0.025,0.025,0.05,0.075,0.025,0.05,0.1
1,0.275,0.125,0.05,0.075,0.175,0.05,0.025,0.025,0,0.05,0,0.025,0.075,0.05,0,0
1,0.025,0.075,0,0.15,0.075,0.025,0,0.075,0.025,0,0.025,0.05,0.125,0.05,0.075,0.225
1,0.025,0,0,0.125,0.05,0.05,0.025,0.15,0,0.05,0.05,0.05,0.075,0.175,0.05,0.125
1,0.075,0.075,0.05,0.1,0.125,0.025,0.025,0.05,0.075,0.075,0.025,0.025,0.025,0.05,0.1,0.1
1,0.1,0.05,0.025,0.1,0.05,0.125,0.025,0.125,0.025,0.05,0.025,0.025,0.1,0.1,0.05,0.025
1,0.025,0.05,0.025,0.15,0.05,0.025,0.025,0.05,0.05,0.025,0.1,0.05,0.125,0.05,0.075,0.125
1,0.025,0.025,0.025,0.1,0.025,0.15,0.075,0.025,0.075,0.05,0.1,0.075,0.025,0.05,0.125,0.05
1,0.25,0.05,0.05,0.05,0.025,0.025,0.025,0.025,0.1,0,0.05,0.05,0.025,0.025,0.1,0.15
1,0.075,0.025,0.1,0.05,0.1,0.075,0.05,0,0.025,0.05,0.125,0.1,0.05,0.075,0.025,0.075
1,0.175,0.05,0,0.075,0.075,0.125,0.025,0.1,0,0.05,0.025,0,0.05,0.1,0.025,0.125
1,0.05,0,0.125,0.025,0.025,0.05,0.15,0,0.125,0.1,0.075,0.1,0,0.075,0.025,0.075
1,0.275,0.075,0.025,0.05,0,0.15,0.075,0.05,0.075,0.05,0.025,0.025,0.05,0.025,0.05,0
1,0.15,0.125,0.15,0.025,0.25,0.075,0.025,0,0,0.125,0,0.025,0.025,0.025,0,0
1,0.175,0.05,0.1,0.1,0.05,0,0,0.075,0.075,0.05,0,0.05,0.125,0.025,0.075,0.05
1,0.15,0.075,0.025,0.025,0.025,0.1,0.125,0.025,0.05,0.075,0.1,0.075,0.075,0.025,0.025,0.025
1,0.15,0.025,0.05,0.1,0.05,0.025,0,0.05,0.025,0.075,0.05,0.025,0.1,0,0.075,0.2
1,0.175,0,0.05,0.15,0.075,0.05,0,0.05,0,0,0,0.025,0.1,0.125,0,0.2
1,0.175,0.025,0,0.2,0.05,0,0.025,0.025,0.05,0.025,0.025,0.025,0.15,0.05,0.075,0.1
1,0.15,0.025,0.05,0.1,0.025,0.05,0,0.05,0.075,0.025,0.1,0.075,0.075,0.025,0.125,0.05
1,0.175,0.05,0.1,0.025,0.075,0,0.025,0.05,0.075,0.025,0,0.05,0.05,0.075,0.025,0.2
1,0.125,0.025,0.1,0.025,0.1,0,0.025,0.05,0.025,0.05,0.075,0.1,0.025,0.075,0.075,0.125
1,0.05,0.075,0.075,0.075,0.1,0.125,0,0.05,0.075,0,0.025,0.025,0.05,0.1,0.025,0.15
1,0.05,0,0.1,0.025,0,0.025,0,0.125,0.075,0.05,0.075,0.125,0.05,0.075,0.175,0.05
1,0.175,0.1,0.05,0.075,0.1,0.075,0.025,0,0.025,0,0.075,0.05,0.075,0.05,0,0.125
1,0.075,0.125,0.05,0.075,0.125,0.025,0,0.15,0.05,0.025,0,0.025,0.05,0.125,0.075,0.025
1,0.05,0.05,0.025,0.125,0.125,0.1,0,0.05,0.025,0.025,0.025,0.05,0.05,0.1,0.075,0.125
1,0.1,0.075,0.075,0.05,0.1,0.175,0.025,0.025,0.025,0.025,0.025,0.1,0.05,0.075,0.05,0.025
1,0.025,0.075,0.025,0.025,0.05,0.075,0.075,0.125,0,0.05,0.025,0.075,0.05,0.125,0.05,0.15
1,0.05,0.075,0.05,0.1,0.075,0.075,0,0.1,0.025,0.05,0,0.05,0.15,0.05,0.05,0.1
1,0.025,0.05,0.1,0.075,0.125,0.15,0,0.075,0,0.1,0.05,0.025,0.1,0.025,0.05,0.05
1,0.125,0.075,0.075,0.05,0.075,0.125,0.05,0.025,0.05,0.025,0.025,0.075,0.1,0.025,0.025,0.075
1,0,0.1,0.075,0.075,0.1,0,0.025,0,0.075,0.025,0.025,0.15,0.1,0,0.125,0.125
1,0.075,0.075,0.05,0.1,0.075,0,0.075,0.025,0.05,0.025,0.05,0.1,0.075,0.075,0.05,0.1
1,0.1,0.05,0.2,0.025,0.125,0,0.075,0.025,0.15,0.15,0,0.025,0,0.025,0.05,0
1,0,0,0.025,0.075,0.025,0.125,0.1,0.075,0,0.1,0.025,0.075,0.075,0.125,0.05,0.125
1,0.075,0.075,0.025,0.025,0.05,0.1,0.2,0,0.05,0.125,0.1,0.075,0.025,0.075,0,0
1,0.05,0.025,0.05,0.05,0.025,0,0.025,0.075,0.075,0.05,0.1,0.1,0,0.075,0.15,0.15
1,0.05,0.05,0.1,0.125,0.1,0.025,0.05,0.025,0.1,0.1,0,0.05,0.05,0.025,0.1,0.05
1,0.1,0.05,0.05,0.1,0.075,0.025,0.025,0.05,0.075,0.025,0.025,0.075,0.05,0.05,0.125,0.1
1,0.075,0.05,0.1,0.075,0.05,0.025,0,0.025,0.1,0.05,0.1,0.025,0.05,0,0.075,0.2
1,0.075,0.075,0,0.1,0.075,0.075,0.025,0.075,0.05,0.075,0.15,0,0.025,0.05,0.1,0.05
1,0.05,0.05,0.05,0.1,0.075,0.05,0.1,0.05,0.1,0.075,0.075,0.025,0.025,0.125,0.025,0.025
1,0.25,0.025,0.05,0.075,0.05,0.1,0.075,0.025,0.05,0.05,0.025,0.05,0.075,0.05,0.025,0.025
1,0.1,0,0,0.125,0.025,0.05,0.025,0.125,0.05,0,0.05,0.025,0.05,0.175,0.05,0.15
1,0.1,0.025,0.175,0.05,0.05,0.075,0.075,0,0.15,0.05,0.1,0.05,0.05,0.05,0,0
1,0.2,0.075,0.025,0.1,0.125,0.025,0,0.025,0,0.075,0.05,0.025,0.075,0.025,0.075,0.1
1,0.025,0.05,0.1,0,0.05,0.025,0.05,0.125,0.025,0.1,0.05,0.1,0.075,0.075,0.075,0.075
1,0.15,0.075,0.05,0.05,0.05,0.075,0.075,0,0.075,0.025,0.025,0.1,0.075,0.025,0.05,0.1
1,0.15,0.025,0.025,0.1,0.05,0.225,0.05,0,0.05,0.05,0.025,0.025,0.05,0.025,0.05,0.1
1,0.1,0.025,0.05,0.125,0.125,0.025,0.075,0.025,0.025,0.05,0.025,0.075,0.05,0.125,0.025,0.075
1,0,0.075,0,0.025,0.025,0.05,0,0.2,0,0.05,0.05,0.05,0.075,0.125,0.1,0.175
1,0.175,0.025,0.075,0.1,0.025,0,0,0.025,0.1,0,0.05,0.075,0.1,0.025,0.075,0.15
1,0.125,0.125,0.1,0.075,0.15,0.025,0,0.025,0.1,0,0.05,0,0.075,0.05,0,0.1
1,0.05,0.075,0.05,0.075,0.1,0,0.075,0.025,0.05,0.05,0.125,0.05,0.05,0.075,0.025,0.125
1,0.125,0.075,0.05,0.075,0.1,0.05,0.05,0.125,0.05,0.025,0,0.025,0.05,0.175,0,0.025
1,0.075,0,0.05,0.1,0.025,0,0.05,0.075,0.025,0.1,0.2,0.025,0.075,0.05,0.075,0.075
1,0.125,0.05,0.075,0.075,0.1,0.1,0.025,0.05,0.075,0.025,0.075,0.025,0.025,0.1,0.025,0.05
1,0.175,0.025,0.125,0.075,0.025,0,0.025,0,0.15,0.05,0.225,0.025,0.025,0,0.075,0
1,0.175,0.075,0.05,0.05,0.075,0.15,0.025,0.025,0.05,0.05,0.025,0.025,0.05,0.025,0.05,0.1
1,0.2,0.05,0.025,0.075,0.075,0,0.075,0,0.075,0.025,0.075,0.025,0.025,0.075,0.025,0.175
1,0.025,0.075,0.075,0.025,0.025,0.075,0.05,0.1,0.1,0.05,0.05,0.05,0.075,0.05,0.075,0.1
1,0.25,0.075,0.075,0.075,0.075,0,0,0.05,0.05,0.05,0.025,0.025,0.1,0,0.05,0.1
1,0.1,0.025,0.1,0.05,0.05,0.075,0.125,0.05,0.075,0.15,0.05,0.025,0.05,0.05,0.025,0
1,0.225,0,0.05,0.075,0,0.05,0,0.05,0.025,0,0,0.05,0.1,0.05,0.025,0.3
1,0.1,0.05,0.025,0.125,0.025,0.025,0.025,0.075,0.05,0.025,0.05,0.05,0.1,0.05,0.075,0.15
1,0.1,0.1,0.025,0.075,0.05,0.075,0.05,0.125,0.05,0.025,0.025,0.05,0.1,0.1,0.05,0
1,0.15,0.025,0.1,0.125,0.05,0.05,0,0,0.05,0.025,0.1,0.075,0.125,0,0.075,0.05
1,0.075,0.1,0.025,0.05,0.075,0.1,0.1,0.1,0.05,0.05,0.025,0.05,0.025,0.125,0.025,0.025
1,0.15,0.05,0.05,0.1,0.025,0.025,0.025,0.05,0.15,0.05,0.125,0,0.025,0,0.15,0.025
1,0.025,0.1,0.05,0.025,0.05,0.125,0.025,0.125,0.025,0.05,0.075,0.075,0.1,0.025,0.075,0.05
1,0.05,0.025,0.075,0.05,0.025,0.025,0.1,0.025,0.05,0.125,0.2,0.05,0.05,0.025,0.05,0.075
1,0.125,0.075,0.075,0.025,0.075,0.175,0.025,0.075,0.075,0.05,0.025,0.025,0.05,0.05,0.025,0.05
1,0.05,0.025,0,0.2,0.05,0,0.05,0.05,0.025,0.025,0,0.05,0.175,0.075,0.05,0.175
1,0.075,0.05,0.05,0.05,0.025,0,0.05,0.1,0.025,0.05,0.025,0.075,0.1,0.075,0.05,0.2
1,0.15,0.075,0.05,0.1,0.1,0.125,0.025,0.05,0.025,0,0,0.05,0.125,0.075,0,0.05
1,0.05,0,0.05,0.075,0.05,0.125,0.1,0.075,0.05,0.1,0.1,0.025,0.025,0.1,0.05,0.025
1,0.075,0.025,0.175,0.025,0.025,0,0,0.075,0.15,0.025,0.125,0.05,0.05,0.05,0.05,0.1
1,0.275,0.05,0.025,0.1,0.075,0.05,0.025,0.025,0.05,0,0.1,0.025,0.05,0.075,0.025,0.05
1,0.075,0.075,0.05,0.05,0.1,0.075,0.05,0.05,0.075,0.025,0.025,0.075,0,0.1,0.05,0.125
1,0.075,0.1,0.05,0.05,0.075,0.05,0.025,0.175,0,0.05,0,0.025,0.1,0.125,0.025,0.075
1,0.2,0.1,0.05,0.05,0.1,0.075,0.025,0.1,0.025,0.025,0,0.025,0.1,0.075,0,0.05
1,0.15,0.05,0.05,0.075,0.075,0.05,0,0.1,0.025,0.025,0,0.05,0.075,0.075,0.05,0.15
1,0,0.025,0.075,0.025,0.025,0.15,0.025,0.075,0.05,0.075,0.175,0.025,0.05,0.025,0.05,0.15
1,0.025,0.075,0.1,0.075,0.025,0,0.125,0.025,0.175,0.05,0.15,0,0.05,0.025,0,0.1
1,0.075,0.075,0.05,0.05,0.075,0.1,0.05,0.1,0,0.1,0.025,0,0.1,0.05,0.025,0.125
1,0,0.025,0.025,0.025,0.075,0.1,0.175,0,0.025,0.125,0.1,0.1,0,0.075,0.05,0.1
1,0.05,0.025,0,0.05,0.05,0.05,0.075,0.125,0.025,0.1,0.1,0.025,0.025,0.1,0.075,0.125
1,0.1,0.075,0,0.05,0.075,0.075,0.025,0.125,0.025,0,0.075,0.05,0.05,0.125,0.05,0.1
1,0.125,0.025,0.075,0.1,0.05,0,0.025,0,0.1,0,0.15,0.1,0.05,0.05,0.1,0.05
1,0.075,0.075,0.05,0.05,0.075,0.075,0.1,0.05,0.025,0.15,0.1,0.025,0.1,0,0.025,0.025
1,0.075,0.1,0.05,0,0.025,0.05,0.075,0,0.1,0.025,0.075,0.075,0.025,0,0.075,0.25
1,0.125,0.1,0.05,0.025,0.15,0.225,0.05,0.025,0.025,0.075,0.05,0.025,0,0.05,0.025,0
1,0,0.1,0.075,0.05,0.075,0.05,0.075,0.05,0.05,0.05,0.075,0.075,0.075,0.05,0.05,0.1
1,0.025,0.1,0.025,0.05,0.075,0.025,0.025,0.05,0.05,0.025,0.175,0.1,0.05,0.025,0.125,0.075
1,0.275,0.05,0.025,0.125,0.05,0,0,0.05,0.075,0.025,0.025,0,0.1,0.025,0.075,0.1
1,0.125,0.025,0.1,0.05,0.05,0.05,0.025,0.05,0.05,0.075,0.2,0.025,0.075,0.025,0.025,0.05
1,0.15,0.025,0.05,0.075,0.025,0.025,0.075,0.075,0.025,0.05,0.025,0.1,0.075,0.1,0.05,0.075
1,0.1,0.025,0.025,0.075,0.05,0.175,0.025,0.075,0,0.025,0.025,0.075,0.05,0.1,0.05,0.125
1,0.125,0.05,0.05,0.1,0.075,0.05,0.025,0.125,0.05,0.05,0,0.025,0.075,0.125,0.05,0.025
1,0,0.025,0,0.025,0.025,0.1,0.05,0.05,0.025,0.025,0.175,0.15,0,0.1,0.125,0.125
1,0,0.075,0.05,0.025,0.1,0.025,0.025,0.075,0.025,0.05,0.1,0.125,0.025,0.1,0.125,0.075
1,0.05,0.125,0.025,0.025,0.125,0.175,0.1,0.05,0,0.1,0,0.05,0.05,0.05,0.025,0.05
1,0.05,0.025,0,0.1,0.05,0.025,0.025,0.05,0,0.025,0.05,0.075,0.075,0.075,0.1,0.275
1,0.025,0.025,0.025,0.15,0.05,0.025,0.075,0.05,0.075,0.025,0,0.125,0.075,0.1,0.15,0.025
1,0.05,0.025,0.075,0.05,0.125,0.15,0.05,0.025,0.05,0.05,0.05,0.1,0,0.1,0.075,0.025
1,0.25,0.025,0,0.075,0.025,0.025,0.025,0.075,0.075,0.025,0,0.025,0,0.075,0.1,0.2
1,0.05,0.025,0,0.375,0.025,0,0,0.025,0.05,0,0,0.025,0.325,0.025,0.075,0
1,0.225,0.025,0.15,0.05,0.075,0.025,0.025,0.025,0.075,0.025,0.05,0.075,0.075,0.075,0,0.025
1,0.05,0.025,0.05,0.05,0,0.075,0,0.1,0.05,0.075,0.175,0.05,0.075,0,0.15,0.075
1,0.05,0.05,0,0.075,0.1,0.1,0,0.05,0,0.025,0.05,0.1,0.05,0.075,0.125,0.15
1,0.025,0.075,0,0.125,0.1,0.1,0.025,0.025,0.025,0,0.025,0.075,0.075,0.075,0.05,0.2
1,0.075,0.05,0.075,0.075,0.075,0.025,0,0.1,0.05,0.075,0.05,0.05,0.05,0.05,0.1,0.1
1,0.15,0.05,0.1,0.025,0.025,0,0.05,0.025,0.125,0.05,0.125,0.1,0,0,0.15,0.025
1,0.025,0.05,0.05,0,0.05,0.175,0.075,0.075,0.025,0.075,0.15,0.075,0.025,0.05,0.075,0.025
1,0.15,0.025,0.1,0.025,0.05,0.075,0.05,0.025,0.075,0.025,0.15,0.075,0.025,0.05,0.05,0.05
1,0.025,0.075,0.05,0.1,0.175,0.15,0.05,0.025,0.025,0.05,0.05,0.025,0.025,0.1,0.025,0.05
1,0.05,0.075,0.075,0.075,0.075,0,0.05,0.05,0.025,0,0.025,0.15,0.1,0.1,0.075,0.075
1,0.075,0.25,0.025,0,0.15,0.025,0.1,0.075,0.025,0.05,0,0.05,0.075,0.05,0,0.05
1,0.05,0.075,0.025,0.1,0.05,0.125,0.05,0.075,0.075,0.025,0.05,0.025,0.05,0.075,0.075,0.075
1,0.125,0.075,0,0.1,0.075,0.1,0.025,0.075,0.025,0.05,0,0.025,0.1,0.05,0.075,0.1
1,0.025,0.05,0.1,0.05,0.025,0.025,0,0.075,0.05,0.025,0.175,0.075,0.125,0.025,0.05,0.125
1,0.075,0.05,0.075,0.05,0.125,0.175,0,0.025,0.05,0.05,0.05,0.075,0.025,0.05,0.1,0.025
1,0.1,0.05,0,0.075,0.05,0.225,0.025,0.05,0,0.025,0.05,0.05,0.075,0.075,0.025,0.125
1,0.125,0.1,0.075,0.05,0.05,0.025,0.05,0.075,0.1,0,0.1,0.05,0.075,0.075,0.025,0.025
1,0.075,0.05,0.1,0.05,0.05,0.05,0.1,0.1,0.05,0.125,0.075,0,0.1,0.05,0,0.025
1,0.05,0.05,0.05,0.1,0.125,0.075,0,0.05,0,0.05,0,0.05,0.075,0.1,0.05,0.175
1,0.1,0,0.125,0.025,0.05,0.075,0.05,0.05,0.075,0.1,0.125,0.075,0.025,0.025,0.075,0.025
1,0.175,0.025,0.1,0.075,0.025,0.025,0.05,0.05,0.05,0.05,0.025,0.05,0.1,0.075,0,0.125
1,0.075,0.1,0.125,0.025,0.075,0.075,0.05,0.075,0.125,0.075,0.025,0.025,0.025,0.025,0.05,0.05
1,0.05,0.025,0.1,0.05,0.025,0.075,0.075,0.025,0.025,0.075,0.15,0.1,0.125,0.025,0.025,0.05
1,0.175,0.075,0.1,0.025,0.1,0.025,0.05,0.05,0,0.075,0.05,0.05,0.075,0.05,0,0.1
1,0.025,0.2,0.025,0.075,0.2,0.125,0,0.075,0.025,0.025,0,0.025,0.075,0.05,0.025,0.05
1,0.225,0.025,0,0.05,0,0.125,0.075,0.05,0,0.025,0.025,0.1,0.1,0.05,0.05,0.1
1,0.05,0.05,0.05,0.125,0.05,0.05,0.075,0.05,0.05,0.075,0.075,0.025,0.1,0.075,0.025,0.075
1,0.1,0.075,0.05,0.05,0.025,0.025,0.075,0.1,0,0.1,0.05,0.025,0.15,0.025,0.025,0.125
1,0.175,0.15,0.025,0.025,0.075,0.075,0,0.125,0.025,0.025,0,0.025,0.1,0.025,0.05,0.1
1,0.275,0.05,0.125,0.025,0.1,0.025,0.025,0,0.075,0.05,0.025,0.05,0.05,0.025,0.025,0.075
1,0.125,0.075,0.075,0.125,0.075,0,0,0.025,0.075,0.025,0.025,0.025,0.1,0.025,0.05,0.175
1,0.1,0.05,0,0.075,0,0.15,0.05,0.075,0.05,0,0.025,0.05,0.075,0.075,0.05,0.175
1,0.1,0.05,0,0.075,0.075,0.075,0.075,0.025,0.025,0.1,0.125,0.075,0.025,0.05,0.125,0
1,0.25,0.075,0.025,0.15,0.075,0,0,0.05,0.025,0,0,0.05,0.175,0.05,0.05,0.025
1,0.1,0.075,0.025,0.1,0.175,0.05,0.05,0.05,0.025,0.075,0.075,0,0,0.125,0.025,0.05
1,0.025,0.1,0.1,0.025,0.025,0.05,0.125,0.05,0.1,0.05,0.05,0.1,0.1,0.05,0.025,0.025
1,0.1,0.05,0.025,0.025,0.025,0.1,0.05,0.125,0.025,0.075,0.05,0.075,0.05,0.1,0.1,0.025
1,0.05,0.025,0,0.025,0.025,0.225,0.075,0.175,0,0.05,0.05,0.05,0.05,0.175,0.025,0
1,0.05,0.1,0,0.075,0.15,0.15,0.1,0.025,0.025,0.1,0.025,0,0,0.05,0.05,0.1
1,0.225,0.125,0.025,0.025,0.05,0.05,0.025,0.125,0,0.025,0.025,0.05,0.1,0.075,0.025,0.05
1,0.075,0.05,0.075,0.05,0.05,0.1,0.025,0.1,0.05,0.075,0.05,0.05,0.075,0.05,0.075,0.05
1,0.075,0.1,0.075,0,0.05,0.1,0.075,0.075,0.075,0.075,0.125,0.025,0.05,0.025,0.025,0.05
1,0.075,0.05,0.075,0.075,0.05,0.025,0.025,0.05,0.05,0.025,0.075,0.075,0.1,0.05,0.05,0.15
1,0.2,0.075,0.1,0.05,0.075,0.025,0.075,0.025,0.15,0.05,0.05,0.025,0.025,0.05,0.025,0
1,0.05,0.075,0.075,0.05,0.075,0.125,0.05,0.075,0.075,0.025,0.075,0.05,0.05,0.1,0.025,0.025
1,0.125,0,0.075,0.075,0.025,0.1,0,0.1,0.075,0.1,0.1,0.025,0.05,0.025,0.125,0
1,0.05,0.05,0.025,0.1,0.075,0.025,0.05,0.1,0,0.05,0,0.05,0.1,0.125,0.025,0.175
1,0.1,0.05,0.025,0.05,0.1,0.075,0.05,0.1,0.025,0.05,0.05,0.05,0,0.15,0.05,0.075
1,0.05,0.025,0.075,0.025,0.025,0.025,0.075,0.1,0.075,0.025,0.05,0.1,0.025,0.15,0.075,0.1
1,0.05,0.125,0.05,0.025,0.075,0.025,0.1,0.075,0.075,0.15,0,0.025,0.05,0,0.075,0.1
1,0.05,0.025,0.05,0.15,0.075,0,0.025,0.05,0,0.075,0.025,0.075,0.15,0.05,0.05,0.15
1,0.1,0.05,0.1,0.025,0.075,0.075,0,0.075,0.05,0.05,0.075,0.075,0.075,0.025,0.075,0.075
1,0.125,0.025,0.075,0.075,0.025,0.125,0.025,0.075,0.025,0.025,0.025,0.05,0.1,0.075,0.025,0.125
1,0.175,0.1,0.075,0.05,0.05,0.1,0.025,0.075,0.05,0.025,0,0.05,0.125,0.025,0,0.075
1,0.125,0,0.05,0.1,0.05,0.025,0.025,0.025,0.025,0.025,0.05,0.125,0.075,0.075,0.1,0.125
1,0.125,0.05,0.075,0.05,0.025,0,0.025,0.025,0.175,0,0.15,0.05,0,0.025,0.125,0.1
1,0.05,0.025,0,0.1,0.075,0.1,0.075,0.075,0.05,0.1,0,0,0,0.125,0.05,0.175
1,0.125,0.025,0.025,0.15,0.1,0.025,0,0.025,0.075,0,0.075,0.025,0.05,0.075,0.075,0.15
1,0.175,0.05,0.025,0.125,0.075,0.05,0.075,0.025,0.075,0.025,0.05,0,0.075,0.1,0,0.075
1,0.15,0.1,0,0.125,0.075,0.075,0.025,0.075,0.05,0.025,0.1,0,0.1,0.05,0.05,0
1,0.05,0.075,0,0.075,0.025,0.1,0.025,0.075,0.05,0.025,0.25,0.025,0.05,0.05,0.075,0.05
1,0.175,0,0.025,0.025,0.05,0.1,0.075,0.05,0,0.05,0.125,0.075,0.025,0.1,0.025,0.1
1,0,0,0.1,0.05,0.05,0.025,0.025,0.025,0.05,0.05,0.075,0.125,0.025,0.05,0.125,0.225
1,0.025,0.05,0.05,0.1,0.025,0.025,0.125,0.05,0.05,0.075,0.025,0.075,0.1,0.1,0.025,0.1
1,0.05,0.025,0.15,0.05,0.025,0,0.025,0.1,0.075,0.025,0.025,0.075,0.125,0.075,0.025,0.15
1,0,0.075,0.1,0.05,0.125,0.1,0.025,0.075,0.05,0.1,0.025,0.025,0.05,0.075,0.05,0.075
1,0.075,0,0.05,0.05,0.025,0.075,0.075,0.075,0.025,0.1,0.05,0.075,0.05,0.075,0.075,0.125
1,0.1,0.025,0.05,0.075,0.05,0.05,0.05,0.05,0.075,0.075,0,0.025,0.05,0.05,0.075,0.2
1,0.025,0.075,0.075,0.05,0.125,0.075,0.025,0.075,0.025,0.05,0,0.1,0.05,0.075,0.075,0.1
1,0.25,0.075,0.05,0.1,0.05,0,0,0.075,0.05,0.05,0.075,0.025,0.125,0,0.075,0
1,0,0.025,0.075,0.025,0.025,0.025,0.1,0.075,0.05,0.075,0.175,0.1,0.05,0.075,0.075,0.05
1,0.175,0.025,0.075,0.125,0.05,0.05,0.025,0,0.125,0.025,0.05,0.05,0.075,0,0.1,0.05
1,0.05,0.075,0.025,0.1,0.075,0.025,0.075,0.075,0.05,0.05,0.075,0.025,0.075,0.1,0.025,0.1
1,0.175,0.1,0.075,0,0.075,0.05,0.025,0.025,0.075,0.025,0.1,0.075,0.025,0.025,0.075,0.075
1,0.05,0.15,0,0.075,0.15,0.075,0.075,0.025,0.05,0.075,0.075,0.025,0.025,0.05,0.05,0.05
1,0.325,0.025,0.1,0.05,0.075,0,0.025,0,0.1,0.05,0,0.05,0.025,0,0.075,0.1
1,0.175,0.075,0.075,0.025,0.075,0.025,0.05,0.05,0,0.025,0,0.125,0.075,0.075,0.025,0.125
1,0.05,0.025,0.05,0.125,0.025,0,0,0.025,0.05,0,0.1,0.05,0.1,0.025,0.05,0.325
1,0.125,0.025,0.1,0.1,0.025,0.025,0.075,0,0.175,0.025,0.15,0,0.025,0.025,0.05,0.075
1,0.05,0.05,0.025,0.1,0.025,0.075,0.175,0,0.075,0.15,0.075,0.05,0.075,0.025,0.05,0
1,0.075,0.025,0.075,0.05,0.025,0,0.05,0.05,0.1,0.025,0.075,0.1,0.025,0.05,0.1,0.175
1,0.1,0.075,0.175,0.075,0.175,0,0,0.025,0.025,0.1,0.05,0.05,0.1,0.025,0.025,0
1,0,0.025,0.025,0.1,0.025,0.225,0.075,0.1,0.05,0.075,0,0.025,0.05,0.125,0.05,0.05
1,0.275,0.125,0.05,0.025,0.1,0,0.05,0,0.05,0.025,0.1,0.05,0.075,0,0,0.075
1,0.2,0.025,0.1,0.05,0.1,0.025,0.05,0,0.1,0.075,0.05,0.025,0,0.05,0.05,0.1
1,0.1,0.025,0.075,0.1,0.05,0.05,0.05,0,0.075,0,0.1,0.075,0.05,0.075,0.025,0.15
1,0.1,0.025,0.125,0.1,0.1,0,0,0.025,0.1,0.05,0.075,0.075,0.025,0.075,0.1,0.025
1,0.1,0.075,0.025,0.05,0.075,0,0.175,0.025,0.05,0.1,0.05,0.075,0.025,0.1,0.025,0.05
1,0,0.075,0.025,0.075,0.05,0.025,0.025,0.125,0.025,0.025,0,0.1,0.125,0.1,0.1,0.125
1,0.175,0.075,0.05,0.05,0.1,0,0,0.05,0.05,0.025,0.075,0.025,0.05,0.05,0.025,0.2
1,0.1,0.1,0.05,0.075,0.075,0.075,0.075,0.025,0.075,0.075,0.075,0.025,0.05,0.025,0.05,0.05
1,0.1,0.05,0.05,0.1,0.05,0.1,0.025,0.125,0.025,0.075,0.025,0,0.125,0.05,0.025,0.075
1,0.125,0.1,0.075,0.025,0.075,0.05,0.05,0.1,0.05,0.05,0.025,0.075,0.075,0.05,0.075,0
1,0.15,0.075,0.05,0.075,0.1,0.1,0.025,0.05,0.05,0.05,0,0.05,0.05,0.05,0.075,0.05
1,0.125,0.075,0.025,0.1,0.075,0.025,0,0.05,0.075,0.025,0.075,0.05,0.05,0.025,0.125,0.1
1,0.175,0.125,0.025,0.075,0.15,0.05,0.05,0.05,0.075,0.05,0,0,0,0.05,0.05,0.075
1,0.1,0,0.025,0.1,0.05,0,0.05,0.05,0.025,0.075,0.075,0.075,0.05,0.05,0.125,0.15
1,0.05,0,0.125,0.05,0.05,0.05,0.05,0,0.05,0.075,0.025,0.1,0.1,0.025,0.025,0.225
1,0.05,0.1,0.075,0.025,0.1,0.075,0.075,0,0.1,0.05,0.1,0.1,0,0.025,0.1,0.025
1,0.05,0.075,0.05,0.05,0.075,0.1,0.025,0.15,0.075,0.075,0.025,0,0.025,0.1,0.05,0.075
1,0.15,0.075,0.025,0.05,0.05,0.025,0.1,0.1,0.025,0.075,0.075,0.025,0.075,0.075,0.025,0.05
1,0.025,0.025,0.05,0.1,0.05,0,0,0.125,0.025,0,0.025,0.1,0.125,0.15,0.075,0.125
1,0.125,0,0.075,0.05,0.05,0.05,0.05,0.05,0.05,0.075,0.025,0.075,0.05,0.05,0.075,0.15
1,0.1,0.05,0.1,0.05,0.025,0.025,0.025,0.05,0.1,0.05,0.075,0.05,0.05,0,0.075,0.175
1,0,0,0.025,0,0.025,0.025,0.125,0.075,0,0.175,0.375,0.05,0,0.025,0.1,0
1,0.1,0,0,0.1,0.05,0.025,0,0.125,0,0.025,0.125,0.05,0.05,0.175,0.075,0.1
1,0.15,0.075,0.025,0.1,0.025,0.05,0.05,0.05,0.1,0.025,0.075,0.05,0.05,0.025,0.1,0.05
1,0.1,0.075,0.1,0.075,0.1,0.075,0,0.05,0.025,0.05,0.025,0.075,0.1,0.025,0.05,0.075
1,0.1,0.025,0.05,0.1,0.075,0.05,0,0.05,0.05,0.05,0,0.075,0.075,0.05,0.125,0.125
1,0,0.075,0.075,0.075,0.125,0.1,0.025,0.1,0.05,0.05,0.025,0.025,0.075,0.1,0.025,0.075
1,0,0.05,0.05,0.075,0.075,0,0,0.075,0.025,0.05,0.05,0.075,0.075,0.05,0.125,0.225
1,0.175,0.125,0.025,0.1,0.1,0.025,0.025,0.075,0.075,0.025,0.05,0,0.075,0.05,0.05,0.025
1,0.175,0,0.125,0.075,0.025,0,0.025,0.05,0.125,0.025,0.05,0.05,0.05,0.075,0.05,0.1
1,0.125,0.025,0.025,0.075,0.025,0.075,0.1,0.075,0.075,0.075,0.025,0.025,0.025,0.1,0.05,0.1
1,0.15,0.025,0.075,0.1,0.025,0.1,0.075,0.025,0.15,0.025,0.05,0.025,0,0.075,0.075,0.025
1,0.25,0.05,0.075,0.075,0.05,0.075,0.05,0.025,0.075,0.05,0,0.025,0.05,0.05,0.025,0.075
1,0.075,0.1,0.025,0.075,0.05,0.05,0.1,0.025,0.1,0,0.1,0.025,0.05,0.05,0.025,0.15
1,0.125,0.1,0.075,0.05,0.1,0,0.05,0.025,0.075,0.025,0.1,0.05,0.05,0.05,0.025,0.1
1,0.075,0.075,0.025,0.15,0.15,0.05,0,0.075,0,0.05,0.025,0.025,0.125,0.075,0.05,0.05
1,0.025,0.125,0,0.075,0.075,0.025,0.1,0.05,0.05,0.075,0.075,0.05,0.075,0.05,0.075,0.075
1,0.05,0.125,0.05,0.05,0.075,0.125,0.025,0.125,0,0.05,0.025,0.05,0.125,0.075,0.025,0.025
1,0.05,0.075,0.075,0.025,0.05,0.05,0.025,0.125,0.075,0,0.025,0.075,0.05,0.125,0.025,0.15
1,0,0.05,0,0.05,0.05,0.025,0.025,0.075,0,0,0.15,0.15,0.05,0.1,0.125,0.15
1,0.2,0.1,0,0.1,0.125,0.025,0.075,0.05,0.05,0.05,0,0.025,0.05,0.1,0.025,0.025
1,0.1,0.05,0.025,0.15,0.05,0,0.025,0.05,0.05,0,0.025,0.025,0.125,0.075,0.05,0.2
1,0.05,0.075,0.075,0.05,0.075,0.05,0.025,0.05,0.075,0.025,0.2,0.075,0.05,0.05,0.05,0.025
1,0.1,0.025,0.1,0.025,0.05,0.05,0.075,0.05,0.05,0.1,0.05,0.075,0.075,0.05,0.05,0.075
1,0.075,0.075,0.05,0.075,0.05,0.075,0.1,0.05,0.075,0.05,0.075,0.025,0.1,0.05,0,0.075
1,0.15,0.125,0.05,0.05,0.15,0.05,0.025,0.075,0.05,0.025,0.05,0.025,0.025,0.075,0.025,0.05
1,0.25,0.025,0.075,0.075,0,0.025,0.025,0.025,0.075,0,0.025,0.1,0.1,0.025,0.075,0.1
1,0.125,0.125,0.05,0.075,0.05,0.025,0,0.1,0.075,0,0.025,0.05,0.1,0.025,0.1,0.075
1,0.1,0.1,0,0.1,0.05,0.05,0.075,0.025,0.075,0,0.025,0.125,0.075,0.025,0.125,0.05
1,0.15,0.025,0.125,0.1,0,0,0.025,0.05,0.2,0.025,0.075,0,0.05,0.025,0.05,0.1
1,0.05,0.075,0,0.025,0.05,0.1,0.125,0.15,0.025,0.15,0.05,0,0.025,0.1,0.05,0.025
1,0.225,0.1,0.025,0.125,0.05,0,0,0.05,0.025,0,0.05,0.05,0.175,0,0.05,0.075
1,0.05,0.075,0.025,0.1,0.075,0.05,0.025,0.05,0.075,0.05,0.025,0.025,0.075,0.025,0.1,0.175
1,0.2,0.1,0.075,0.025,0.1,0,0.05,0,0.125,0.025,0.05,0.1,0,0.025,0.125,0
1,0.1,0.05,0.05,0.1,0.075,0.025,0.025,0.025,0.05,0.05,0.075,0.075,0.05,0.025,0.125,0.1
1,0.075,0.05,0.1,0.05,0.025,0.025,0.075,0.1,0.1,0.05,0.075,0.05,0.05,0.1,0.05,0.025
1,0.075,0.025,0.075,0.1,0.05,0.025,0.05,0.075,0.125,0.075,0,0.025,0.025,0.075,0.1,0.1
1,0.025,0,0.125,0.025,0.075,0.075,0.1,0.05,0.05,0.2,0.15,0,0.025,0,0.025,0.075
1,0.15,0.05,0.05,0.05,0.1,0.15,0.025,0.05,0.025,0.075,0.05,0.025,0,0.075,0.05,0.075
1,0.075,0,0.05,0.025,0.025,0.1,0.1,0.075,0.05,0.125,0.075,0.075,0,0.075,0.1,0.05
1,0.075,0.075,0.025,0.025,0.025,0.05,0,0.05,0.075,0.025,0.5,0,0.025,0,0.05,0
1,0.1,0.05,0.1,0.1,0.1,0.05,0.025,0.025,0.075,0.075,0.075,0.025,0.05,0.025,0.075,0.05
1,0.1,0.025,0.05,0.1,0.05,0.125,0.05,0.025,0.05,0.075,0.05,0.05,0.075,0.025,0.075,0.075
1,0.1,0.025,0.1,0.025,0.05,0.1,0.05,0.025,0.075,0.075,0.15,0.05,0.025,0.05,0.025,0.075
1,0.075,0.05,0.025,0.05,0.05,0.125,0.025,0.025,0.025,0.025,0.075,0.075,0.075,0.025,0.05,0.225
1,0.05,0.025,0.125,0,0.05,0.125,0.05,0.125,0.075,0.075,0.075,0.05,0.025,0.125,0.025,0
1,0.15,0.025,0.025,0.125,0.05,0.1,0.025,0.075,0.025,0.025,0,0.05,0.125,0.1,0.025,0.075
1,0.125,0.075,0.05,0.05,0,0,0.05,0.1,0.05,0.05,0.125,0.025,0.125,0.025,0.025,0.125
1,0.025,0.025,0.05,0.025,0.025,0.05,0.05,0.1,0,0.05,0,0.2,0.075,0.075,0.15,0.1
1,0.175,0.025,0,0.15,0.05,0.075,0,0.05,0.075,0,0.025,0.025,0.075,0.05,0.1,0.125
1,0.025,0,0.025,0.075,0.025,0.025,0.075,0.1,0.025,0.15,0.05,0.025,0.05,0.05,0.1,0.2
1,0.025,0.075,0.1,0.075,0.05,0,0.025,0.1,0.025,0.1,0.075,0.05,0.15,0,0.05,0.1
1,0.1,0.075,0.125,0.025,0.1,0.075,0.025,0.025,0.075,0.075,0.05,0.05,0.05,0.025,0.05,0.075
1,0.075,0.05,0.075,0,0.05,0.4,0.075,0,0.075,0.05,0.075,0.025,0,0.025,0,0.025
1,0.05,0.05,0.025,0.1,0.075,0.1,0.075,0.05,0.05,0.05,0.025,0.05,0.05,0.075,0.05,0.125
1,0,0.075,0.075,0.175,0.125,0.05,0,0.025,0.025,0.025,0,0.075,0.175,0.05,0.075,0.05
1,0.1,0.05,0.075,0.025,0.025,0,0.1,0.075,0.1,0.075,0.025,0.1,0.05,0.05,0.1,0.05
1,0.225,0,0.025,0.1,0.075,0,0.025,0,0.05,0.025,0.075,0.025,0,0.075,0.05,0.25
1,0.075,0.025,0.075,0.15,0.15,0.05,0,0,0.025,0.025,0,0.075,0.1,0.1,0.025,0.125
1,0.075,0.025,0.1,0.025,0,0.025,0.025,0.05,0.1,0.05,0.075,0.125,0.05,0,0.15,0.125
1,0.075,0.075,0.05,0.05,0,0.025,0.075,0.05,0.05,0.025,0.1,0.125,0.125,0.025,0.075,0.075
1,0.05,0.025,0.025,0.075,0.05,0.125,0,0.125,0,0.075,0,0.075,0.075,0.1,0.1,0.1
1,0.05,0.15,0.025,0.075,0.125,0.175,0.025,0.05,0.05,0.025,0.025,0.025,0.075,0.025,0.05,0.05
1,0.025,0.125,0,0.05,0.05,0.1,0.1,0.075,0.075,0.05,0.05,0.05,0.05,0.05,0.075,0.075
1,0.175,0.075,0.05,0.1,0.1,0.05,0,0.05,0.025,0.025,0.05,0,0.1,0.05,0,0.15
1,0.125,0.1,0,0.05,0.075,0.025,0.075,0.075,0.025,0.05,0.075,0,0.025,0.075,0.025,0.2
1,0.075,0.1,0,0.125,0.075,0.075,0.025,0.1,0.025,0.025,0,0,0.1,0.075,0.025,0.175
1,0.05,0.025,0.075,0.025,0.025,0.15,0.025,0.15,0,0.1,0.175,0,0.1,0.05,0,0.05
1,0.075,0.1,0.15,0.025,0.1,0,0,0.075,0.15,0.05,0.075,0.05,0.025,0.05,0.075,0
1,0.025,0.05,0.025,0.1,0.025,0.025,0.05,0.05,0.075,0.05,0,0.05,0.075,0.025,0.125,0.25
1,0.05,0.025,0.05,0.075,0,0,0.05,0,0.05,0.025,0.125,0.125,0.1,0,0.1,0.225
1,0.025,0.025,0.1,0.1,0,0.025,0,0.125,0.025,0.05,0,0.05,0.2,0.05,0.05,0.175
1,0.025,0.075,0.025,0.05,0.05,0.05,0.1,0.1,0.05,0.15,0.1,0.025,0.025,0.025,0.1,0.05
1,0,0.05,0.05,0,0.025,0.075,0.15,0.075,0.05,0.125,0.05,0.1,0.025,0.05,0.1,0.075
1,0.125,0.1,0.05,0.05,0.1,0.1,0.025,0.1,0.05,0.1,0.025,0.025,0.025,0.025,0.1,0
1,0,0.1,0.05,0.025,0.05,0.125,0.1,0.025,0.05,0.025,0.075,0.1,0.075,0.05,0.025,0.125
1,0.175,0.05,0.075,0.125,0.125,0.025,0,0.075,0.075,0.05,0,0,0.025,0.1,0.05,0.05
1,0.125,0.075,0.025,0.125,0.025,0,0.075,0.05,0.1,0.025,0.025,0.05,0.075,0.05,0.075,0.1
1,0.1,0.175,0,0.025,0.125,0.1,0.075,0.05,0.075,0,0.1,0.025,0,0.075,0.025,0.05
1,0.125,0.05,0,0.05,0.025,0.125,0.075,0.075,0.025,0.05,0.025,0.075,0.05,0.05,0.075,0.125
1,0.075,0.05,0.125,0.075,0.1,0.125,0.025,0,0.125,0,0.125,0.025,0.025,0.05,0.025,0.05
1,0.1,0.025,0.05,0.175,0.025,0.025,0,0.025,0.1,0,0.025,0.025,0.125,0.025,0.075,0.2
1,0.05,0,0.05,0.125,0.075,0.05,0.05,0.05,0.1,0.075,0.075,0.025,0.025,0.1,0.075,0.075
1,0.075,0.025,0.075,0.075,0.05,0.05,0.025,0.075,0.05,0.025,0.1,0.05,0.1,0.075,0.025,0.125
1,0.1,0.05,0.075,0.075,0.025,0.075,0.05,0.05,0.175,0,0.075,0.05,0.025,0.05,0.1,0.025
1,0.125,0.05,0.075,0.075,0.05,0.125,0.125,0.05,0.05,0.125,0,0.025,0.075,0.05,0,0
1,0.05,0.175,0,0.075,0.075,0.125,0.025,0.15,0.025,0,0,0.025,0.15,0.1,0,0.025
1,0,0.05,0.025,0.125,0.1,0.075,0.075,0.075,0.05,0.05,0.075,0,0.05,0.125,0,0.125
1,0.15,0.025,0.125,0.05,0.05,0.075,0.025,0.025,0.05,0.05,0.025,0.1,0.1,0.05,0.025,0.075
1,0.125,0,0.125,0.025,0.025,0.025,0,0.025,0.05,0,0.125,0.15,0.1,0.025,0.075,0.125
1,0.025,0.025,0.05,0,0,0.1,0.075,0.125,0.025,0.125,0.075,0.075,0.05,0.05,0.1,0.1
1,0.05,0.025,0.05,0.05,0,0.05,0.05,0.1,0.1,0.075,0.1,0.075,0.025,0.05,0.125,0.075
1,0.125,0.05,0.025,0.125,0.025,0,0.075,0.1,0.075,0.05,0.025,0.025,0.1,0.1,0.05,0.05
1,0.075,0.125,0.1,0.075,0.125,0.05,0.05,0.05,0.1,0.025,0,0.05,0.075,0.05,0.025,0.025
1,0.25,0.05,0.05,0.05,0.05,0,0.025,0.05,0.075,0.025,0.125,0.05,0.05,0.025,0.075,0.05
1,0.25,0.025,0.125,0.075,0.05,0.075,0.025,0.025,0.075,0.025,0.025,0.05,0.1,0.025,0,0.05
1,0.2,0.05,0.025,0.075,0.05,0.025,0.025,0.1,0.1,0.025,0.075,0,0,0.075,0.1,0.075
1,0.2,0.075,0.05,0.05,0.1,0.025,0.075,0.025,0.05,0.025,0.025,0.05,0.025,0.125,0,0.1
1,0.15,0.1,0.025,0.15,0.125,0.075,0.05,0.025,0.05,0,0,0.025,0.075,0.125,0,0.025
1,0.225,0.05,0.075,0.1,0.15,0.1,0,0.025,0.025,0.075,0,0,0.05,0.05,0.025,0.05
1,0.05,0.025,0.05,0.075,0.05,0.025,0,0.025,0.125,0,0.075,0.1,0,0.05,0.175,0.175
1,0.1,0.025,0.1,0.05,0.05,0.05,0.025,0.075,0.075,0.075,0.125,0.05,0.025,0.05,0.075,0.05
1,0.05,0.05,0.05,0.075,0.05,0.1,0.025,0.025,0.125,0.05,0.075,0.05,0.025,0,0.125,0.125
1,0.075,0.075,0.025,0.1,0.1,0.1,0,0.025,0.05,0.025,0.075,0.025,0.025,0.025,0.075,0.2
1,0.05,0.05,0.1,0.025,0.075,0.075,0.05,0,0.075,0.025,0.1,0.125,0.025,0.05,0.05,0.125
1,0.05,0.075,0.025,0.15,0.05,0.025,0.025,0.05,0.1,0.025,0.1,0.05,0.075,0.025,0.125,0.05
1,0.15,0.05,0.1,0,0.025,0.1,0.075,0.05,0.075,0.05,0,0.1,0.075,0.05,0.05,0.05
1,0.225,0.05,0.1,0.05,0.1,0.025,0.025,0.025,0.075,0.025,0,0.1,0.025,0.075,0.075,0.025
1,0.125,0.075,0.075,0.075,0.05,0.075,0.075,0.05,0.1,0.075,0,0,0.075,0.025,0.025,0.1
1,0,0.025,0.05,0.05,0.075,0.075,0.075,0.075,0,0.025,0,0.125,0.05,0.175,0.025,0.175
1,0.2,0.1,0.075,0.1,0.1,0.025,0.025,0,0.025,0.025,0.025,0.075,0.15,0,0.025,0.05
1,0.125,0.075,0.075,0.075,0.075,0.05,0,0.1,0.1,0,0.05,0,0.025,0.1,0.05,0.1
1,0.05,0.025,0.15,0.075,0.025,0.025,0.05,0.025,0.225,0.025,0.15,0,0.025,0.05,0.025,0.075
1,0.075,0.05,0.025,0.075,0.05,0.025,0.075,0.025,0.05,0.025,0,0.025,0.075,0.05,0,0.375
1,0.05,0.025,0.075,0.075,0,0,0.025,0.05,0.125,0.025,0.025,0.125,0.05,0.025,0.175,0.15
1,0.025,0.05,0.075,0.075,0.025,0.025,0.125,0.05,0.075,0.1,0.075,0.075,0.1,0.05,0.05,0.025
1,0,0.05,0.05,0,0.075,0.05,0.075,0.15,0,0.1,0.025,0.05,0.025,0.15,0.025,0.175
1,0.075,0.05,0.05,0.05,0.05,0.075,0.05,0.075,0.05,0.075,0,0.075,0.05,0.05,0.1,0.125
1,0.075,0.025,0.075,0.075,0.025,0.175,0.05,0.05,0.075,0.05,0.05,0.025,0.075,0.075,0.025,0.075
1,0.075,0.075,0.075,0.05,0.15,0.075,0.05,0.05,0.05,0.075,0,0.025,0,0.1,0.025,0.125
1,0.025,0.025,0,0.15,0.05,0.1,0.025,0.025,0.05,0.025,0.1,0.05,0.075,0.075,0.075,0.15
1,0.1,0.075,0.05,0.05,0,0.075,0.05,0.1,0.075,0,0.15,0.025,0.075,0.075,0.025,0.075
1,0.1,0.075,0.025,0.1,0.1,0.025,0.025,0.075,0.05,0.025,0.025,0.025,0.075,0.1,0.05,0.125
1,0.125,0.075,0.025,0.05,0.025,0.125,0.1,0.025,0.05,0,0.05,0.075,0.075,0.075,0,0.125
1,0.3,0.025,0.05,0.075,0.025,0.025,0.025,0.05,0.125,0.025,0.025,0.025,0,0.05,0.1,0.075
1,0.075,0.05,0.025,0.025,0.025,0.15,0.1,0.025,0.025,0.05,0.05,0.125,0.05,0.05,0.075,0.1
1,0.075,0.075,0.05,0.15,0.025,0,0.05,0.05,0.075,0.05,0.075,0.025,0.175,0.025,0.05,0.05
1,0.025,0.025,0.05,0.025,0.05,0.025,0.025,0.125,0.025,0.075,0.025,0.05,0.025,0.125,0.075,0.25
1,0.275,0.05,0.025,0.05,0.05,0,0,0.025,0,0.025,0.05,0.1,0.075,0.025,0.075,0.175
1,0.075,0.025,0.05,0.075,0.05,0.075,0.075,0.025,0.05,0.1,0.05,0.075,0.025,0.025,0.1,0.125
1,0,0.1,0,0.125,0.075,0.15,0.025,0.1,0,0.025,0.025,0,0.15,0.05,0,0.175
1,0.05,0.05,0.025,0.075,0.125,0.075,0.1,0.025,0,0.075,0.075,0.05,0.025,0.125,0,0.125
1,0.075,0.1,0.075,0.05,0.1,0.025,0.1,0.025,0.075,0.1,0.05,0.075,0.05,0.025,0.075,0
1,0.1,0,0.15,0.025,0,0.025,0.05,0.025,0.05,0.075,0.05,0.125,0.1,0.025,0.05,0.15
1,0,0.075,0.025,0.075,0.05,0.075,0.05,0.1,0.05,0,0.05,0.075,0.05,0.125,0.075,0.125
1,0,0.075,0.025,0.125,0.1,0.05,0.05,0.125,0.05,0.075,0.025,0.025,0.075,0.125,0.075,0
1,0.1,0,0.075,0.05,0.025,0.1,0.025,0.05,0,0.075,0.075,0.1,0.075,0.025,0.075,0.15
1,0.05,0.075,0.1,0,0.025,0.075,0.075,0.1,0.1,0.025,0.025,0.125,0.05,0.075,0.075,0.025
1,0.075,0.05,0.075,0.025,0.05,0.05,0.075,0.025,0.05,0.075,0.075,0.075,0.075,0.025,0.025,0.175
1,0.025,0.05,0,0.05,0.025,0.075,0.1,0.1,0.05,0.05,0.05,0.075,0.05,0.125,0.075,0.1
1,0.1,0.05,0.025,0.025,0.05,0.175,0.025,0.05,0.025,0.05,0.325,0,0,0.025,0.05,0.025
1,0.05,0.1,0.1,0,0.125,0.075,0.05,0.075,0.05,0.125,0.05,0.05,0.025,0,0.1,0.025
1,0.125,0.05,0.025,0.1,0.025,0,0.05,0.025,0.1,0,0.025,0.025,0.075,0.05,0.025,0.3
1,0.05,0.05,0.05,0.075,0,0,0.025,0.1,0.025,0.05,0.075,0.1,0.15,0.025,0.125,0.1
1,0.125,0.1,0.025,0.125,0.075,0.075,0,0.025,0.025,0,0,0.05,0.125,0,0.05,0.2
1,0.125,0,0.05,0.075,0.075,0.025,0.025,0.025,0.025,0.025,0.05,0.075,0.025,0.1,0.025,0.275
1,0.225,0.05,0.05,0.05,0.025,0.05,0.05,0.075,0.05,0.05,0.025,0.05,0.05,0.05,0.05,0.1
1,0.075,0.1,0.025,0.025,0.125,0.1,0.075,0.1,0,0.1,0.075,0,0.025,0.1,0,0.075
1,0.175,0.1,0.1,0.075,0.125,0,0.025,0.05,0.1,0.025,0.025,0.025,0.075,0.05,0.025,0.025
1,0.05,0.025,0.1,0.075,0.125,0.15,0,0.05,0.025,0.075,0.025,0.025,0.05,0.05,0.025,0.15
1,0.1,0.05,0.025,0.1,0.025,0.075,0.125,0.025,0.05,0.05,0,0.05,0.1,0.05,0.025,0.15
1,0.125,0.075,0.025,0.125,0.125,0.05,0.025,0.05,0.05,0.05,0.075,0,0.05,0.1,0.05,0.025
1,0.05,0.075,0.075,0.075,0.05,0.1,0.025,0,0.075,0,0.075,0.15,0.075,0.025,0.125,0.025
1,0.05,0.1,0.05,0.1,0.075,0.05,0.025,0.025,0.075,0,0.025,0.05,0.075,0.05,0.05,0.2
1,0,0.15,0,0.175,0.1,0.05,0,0.15,0,0.025,0,0,0.2,0.075,0.025,0.05
1,0.2,0.025,0,0.075,0.075,0.15,0.025,0.05,0,0.05,0,0,0.025,0.05,0.05,0.225
1,0.075,0,0.15,0.025,0.025,0,0.075,0.025,0.075,0.075,0.1,0.125,0.05,0.05,0.075,0.075
1,0.075,0.05,0,0.125,0.075,0.05,0.05,0.025,0.05,0.1,0.05,0.075,0.075,0,0.15,0.05
1,0.05,0.1,0.05,0.025,0.025,0.15,0.025,0.125,0.075,0.025,0.025,0.05,0.1,0.05,0.075,0.05
1,0.05,0.125,0.075,0.075,0.125,0.1,0.025,0.05,0.1,0.025,0.05,0.025,0.05,0.025,0.05,0.05
1,0.025,0.025,0.125,0.075,0.05,0.025,0.025,0.075,0.125,0.025,0.1,0.075,0.05,0.075,0.075,0.05
1,0.1,0.025,0.1,0.05,0.025,0.025,0.05,0.05,0.1,0,0.075,0.1,0.05,0.1,0.05,0.1
1,0.1,0.025,0.1,0.05,0,0.175,0,0.05,0.1,0,0.075,0.05,0.075,0.025,0.05,0.125
1,0.225,0.075,0.05,0.1,0.075,0.025,0,0.025,0.1,0,0,0,0.075,0.025,0.05,0.175
1,0.35,0.075,0.1,0.05,0.075,0,0.025,0.025,0.075,0.05,0.025,0,0.1,0,0,0.05
1,0.15,0.025,0.05,0.1,0.05,0,0.025,0.05,0.075,0.025,0.075,0.05,0.075,0.05,0.075,0.125
1,0.225,0.1,0.025,0.05,0.1,0.05,0.075,0.05,0.075,0.05,0.05,0,0,0.075,0.05,0.025
1,0.2,0.025,0.025,0.15,0.1,0.025,0,0.075,0.025,0.025,0,0.025,0.1,0.125,0.025,0.075
1,0.1,0,0.075,0.1,0.05,0.025,0,0.075,0.025,0.025,0.025,0.1,0.075,0.1,0.075,0.15
1,0.025,0.125,0.05,0.075,0.1,0.1,0.05,0.125,0.025,0.075,0.05,0,0.1,0.1,0,0
1,0.2,0.075,0,0.05,0.025,0.05,0.1,0.025,0.075,0,0.1,0.05,0.025,0.075,0.025,0.125
1,0.075,0.05,0.025,0.075,0.075,0.025,0.025,0.075,0.05,0.075,0.05,0.025,0.025,0.05,0.075,0.225
1,0.125,0.1,0.05,0.05,0.05,0.025,0.1,0,0.075,0.05,0.05,0.075,0.075,0,0.075,0.1
1,0.15,0,0.025,0.1,0.025,0.15,0.025,0.05,0.075,0.025,0.05,0.025,0.05,0.075,0.075,0.1
1,0.25,0.025,0.075,0.1,0.05,0,0.025,0.025,0.075,0,0.025,0.05,0.1,0.075,0.025,0.1
1,0.05,0.1,0.075,0.05,0.1,0.1,0.025,0.075,0.05,0.025,0.025,0.05,0.075,0.075,0.025,0.1
1,0.05,0.075,0.075,0.075,0.1,0,0.025,0.075,0.025,0,0.025,0.075,0.1,0.125,0.025,0.15
1,0,0.05,0.025,0.025,0.075,0.125,0.025,0.125,0,0.05,0.05,0.025,0.025,0.1,0.05,0.25
1,0.05,0.025,0.075,0.1,0.025,0.025,0,0.075,0.05,0,0,0.1,0.125,0.075,0.075,0.2
1,0.15,0,0.1,0.175,0.025,0.025,0,0.025,0.025,0,0.025,0.075,0.2,0.05,0.025,0.1
1,0,0.025,0.025,0.175,0.1,0.075,0.05,0.075,0.025,0.05,0.075,0,0.1,0.125,0,0.1
1,0.05,0.025,0.1,0.05,0.075,0.075,0.025,0.075,0.05,0.025,0.05,0.125,0.05,0.1,0.075,0.05
1,0.15,0.025,0.125,0.075,0.05,0,0.05,0.1,0.15,0.025,0.075,0,0,0.15,0,0.025
1,0,0.125,0.05,0.1,0.05,0.175,0,0.075,0.025,0.025,0,0.05,0.2,0,0.05,0.075
1,0,0.025,0.025,0,0.025,0.075,0.125,0.075,0.025,0.1,0.05,0.125,0,0.125,0.1,0.125
1,0.225,0.075,0.1,0.05,0.075,0.05,0.05,0.025,0.125,0.025,0,0.05,0.025,0.05,0.05,0.025
1,0.025,0.1,0.05,0.075,0.05,0.075,0.025,0.075,0.05,0,0.1,0.1,0.125,0.025,0.075,0.05
1,0.075,0.125,0.075,0.025,0.125,0.025,0,0.075,0,0.075,0.3,0,0.1,0,0,0
1,0.1,0.05,0.025,0.125,0.025,0.05,0.05,0.05,0.05,0.075,0.05,0.025,0.125,0,0.075,0.125
1,0.1,0.05,0.075,0.05,0.075,0.05,0.05,0.075,0.075,0.05,0.05,0.075,0.025,0.1,0.075,0.025
1,0.075,0.15,0.025,0.125,0.1,0,0.025,0.025,0.025,0,0.075,0.05,0.2,0,0.025,0.1
1,0,0.075,0.05,0.075,0.075,0.075,0.075,0,0.075,0.075,0.175,0.025,0.05,0.025,0.025,0.125
1,0.2,0,0.025,0.075,0,0.025,0.075,0,0.1,0.025,0.025,0.05,0,0.075,0.05,0.275
1,0.025,0.075,0,0.025,0.05,0.025,0.025,0.05,0,0.05,0.1,0.175,0.05,0,0.2,0.15
1,0.025,0.05,0,0.175,0.05,0.05,0.025,0.075,0.05,0.025,0,0.05,0.15,0.075,0.075,0.125
1,0.1,0.025,0.025,0.05,0.025,0.025,0.025,0.1,0,0.1,0.225,0,0.1,0.025,0.05,0.125
1,0.15,0.025,0.05,0.15,0.025,0,0.025,0,0.1,0,0.05,0.025,0.075,0.025,0.075,0.225
1,0.025,0.075,0.05,0.1,0.1,0.05,0.025,0.025,0.05,0.025,0.1,0.075,0.075,0.025,0.1,0.1
1,0.125,0.125,0.1,0.05,0.125,0.075,0,0.1,0.025,0.1,0.025,0,0.1,0,0.05,0
1,0.075,0.125,0.025,0.1,0.125,0.05,0.025,0.05,0.05,0,0,0.075,0.05,0.075,0.075,0.1
1,0.125,0,0.1,0.025,0.05,0,0.05,0.025,0.025,0.075,0.15,0.15,0.05,0.025,0.125,0.025
1,0.025,0.075,0.1,0,0,0,0.075,0.05,0.15,0.025,0.075,0.15,0.025,0.025,0.15,0.075
1,0.075,0.05,0.05,0.1,0.05,0.075,0,0.1,0,0.05,0.075,0.05,0.15,0.025,0.075,0.075
1,0.225,0.05,0.1,0.025,0.075,0.05,0,0.05,0.075,0.025,0.025,0.075,0.05,0.025,0.075,0.075
1,0.1,0.05,0,0.1,0.05,0.125,0.05,0.05,0.025,0.025,0.025,0,0.1,0.05,0,0.25
1,0.05,0.025,0.125,0.125,0.05,0,0.05,0,0.175,0.025,0.05,0.05,0.05,0.05,0.075,0.1
1,0.05,0.075,0.075,0.025,0.075,0.075,0.125,0.025,0.075,0.1,0.125,0.05,0.025,0.075,0.025,0
1,0.25,0.1,0,0.1,0.15,0.05,0,0.025,0,0,0,0,0.05,0.075,0,0.2
1,0.1,0.05,0.1,0.1,0.075,0.025,0,0.075,0.05,0.025,0.05,0.075,0.15,0.075,0.05,0
1,0.2,0,0.1,0.075,0.075,0.05,0.05,0,0.05,0.125,0.125,0.025,0.05,0.025,0.025,0.025
1,0,0.025,0.075,0.125,0.125,0.2,0.05,0,0.05,0.125,0.025,0.025,0.05,0.05,0.05,0.025
1,0.05,0.05,0.025,0.2,0.025,0.025,0,0.05,0.025,0,0.025,0.025,0.2,0.025,0.025,0.25
1,0.1,0.025,0.05,0.125,0.075,0.025,0.025,0.1,0.05,0.075,0,0,0.1,0.1,0.05,0.1
1,0.025,0.075,0.075,0.1,0.075,0.025,0.075,0.05,0.05,0.025,0,0.075,0.1,0.1,0.025,0.125
1,0.125,0.125,0.15,0.05,0.125,0.025,0,0.05,0.1,0.025,0.075,0.025,0.1,0.025,0,0
1,0.125,0.025,0.025,0.1,0.05,0.2,0.025,0.075,0,0.075,0,0.025,0.075,0.05,0.075,0.075
1,0.075,0.15,0.025,0.025,0.05,0.025,0.05,0.075,0.025,0.025,0.075,0.075,0.1,0.025,0.05,0.15
1,0.25,0.05,0.075,0,0.05,0.05,0.075,0.05,0.1,0.075,0.125,0.025,0,0.025,0.05,0
1,0.125,0.075,0.075,0,0.05,0.125,0.125,0,0.075,0.075,0.075,0.075,0.025,0.025,0.025,0.05
1,0.05,0.075,0.1,0.05,0.025,0.025,0.05,0.1,0.1,0.025,0.075,0.05,0.075,0.075,0.025,0.1
1,0.025,0.05,0.125,0,0.075,0.05,0.05,0.05,0.075,0.075,0.05,0.125,0.025,0.05,0.1,0.075
1,0.1,0.025,0.025,0.025,0.025,0.075,0.075,0.075,0,0.1,0.025,0.075,0.025,0.075,0.075,0.2
1,0.075,0.025,0.075,0.1,0.05,0.05,0.025,0,0.075,0.025,0.1,0.1,0.075,0.05,0.075,0.1
1,0.1,0.05,0.075,0.05,0.025,0.125,0.025,0.075,0.125,0.025,0,0.05,0.05,0.05,0.075,0.1
1,0.125,0.075,0.05,0.125,0.05,0.05,0.05,0.075,0.075,0.025,0.025,0.025,0.1,0.075,0.05,0.025
1,0.05,0.075,0.075,0.025,0.075,0.025,0.075,0.075,0.075,0.075,0,0.1,0.025,0.075,0.1,0.075
1,0.025,0.05,0.125,0.075,0.025,0.025,0.075,0.025,0.15,0.025,0.075,0.075,0.075,0.05,0.05,0.075
1,0.175,0.075,0.1,0,0.025,0.05,0.05,0.025,0.05,0.025,0.1,0.15,0.1,0.025,0.05,0
1,0.125,0.075,0.15,0.025,0.075,0.025,0,0.05,0.075,0,0.075,0.075,0.125,0.025,0,0.1
1,0.1,0,0.05,0.1,0.025,0,0.025,0.075,0.1,0.025,0.075,0.05,0,0.1,0.1,0.175
1,0.1,0.05,0.1,0.075,0,0.025,0.025,0.05,0.1,0,0.125,0.075,0.1,0.025,0.05,0.1
1,0.025,0.05,0.025,0.125,0.05,0,0.075,0.075,0.075,0.075,0.025,0.05,0.1,0.05,0.1,0.1
1,0.175,0.025,0.075,0.175,0.075,0,0,0,0.075,0,0.05,0.05,0.125,0.025,0.05,0.1
1,0.15,0.05,0.05,0.075,0.025,0.1,0.075,0.025,0.1,0.05,0.025,0.05,0.05,0.025,0.075,0.075
1,0.15,0.025,0.1,0.125,0.05,0,0.025,0,0.1,0,0.05,0.075,0.075,0.05,0.075,0.1
1,0.1,0.05,0.025,0.1,0.075,0.075,0.025,0.025,0.05,0,0,0.025,0.05,0.075,0.025,0.3
1,0.15,0.025,0.075,0.1,0.025,0,0.025,0.05,0.05,0,0,0.075,0.125,0.075,0.05,0.175
1,0.125,0.1,0,0.1,0.1,0.1,0.075,0.05,0.025,0.05,0,0.025,0.05,0.1,0.025,0.075
1,0.075,0.025,0.05,0.05,0.025,0.025,0.1,0.05,0.025,0.1,0.175,0.075,0.075,0.05,0.025,0.075
1,0.025,0.05,0.05,0.05,0.05,0.125,0.1,0.075,0.025,0.1,0.025,0.05,0.075,0.075,0.025,0.1
1,0.025,0.025,0,0.1,0.1,0.15,0.075,0.075,0,0.075,0,0.05,0.025,0.175,0.05,0.075
1,0.025,0.025,0,0,0.025,0.45,0.025,0.175,0,0,0,0.025,0,0.2,0,0.05
1,0.325,0,0.025,0.075,0.075,0,0,0.05,0.025,0.025,0,0.025,0,0.1,0.05,0.225
1,0.05,0.05,0.025,0.025,0.025,0.075,0.075,0.1,0.1,0.05,0.15,0.05,0,0.075,0.1,0.05
1,0.05,0.15,0.125,0.025,0.05,0.025,0.025,0.1,0.2,0.05,0.075,0,0.05,0,0.075,0
1,0.1,0.075,0.1,0.025,0.025,0.025,0.05,0.1,0.125,0.05,0.025,0.075,0.025,0.075,0.1,0.025
1,0.1,0,0.05,0.125,0.025,0.05,0.05,0.025,0.05,0.05,0.075,0.1,0.075,0.05,0.125,0.05
1,0.125,0.05,0.05,0.1,0.125,0.1,0.025,0,0.025,0.05,0.05,0.075,0.075,0.05,0.05,0.05
1,0.025,0.125,0.125,0,0.125,0.075,0.075,0.025,0.125,0.075,0.05,0.05,0,0.025,0.025,0.075
1,0.125,0.15,0.075,0.025,0.1,0.075,0.075,0.075,0.1,0.05,0,0.025,0.025,0.05,0.05,0
1,0.05,0.025,0.125,0.05,0.075,0.05,0.05,0,0.1,0.05,0.175,0.1,0.025,0.05,0.05,0.025
1,0.1,0.025,0.025,0.075,0.025,0.025,0.05,0.05,0,0.1,0,0.075,0.1,0,0.1,0.25
1,0.225,0,0.075,0.05,0.075,0.025,0.025,0.025,0.05,0.075,0.075,0.1,0.025,0.05,0.1,0.025
1,0.175,0.075,0.05,0.075,0.025,0.025,0,0.075,0.125,0,0.025,0.075,0.05,0.025,0.125,0.075
1,0.075,0,0.075,0.15,0.05,0.025,0.05,0.025,0.075,0.075,0,0.025,0.1,0.05,0.05,0.175
1,0.125,0.025,0.025,0.15,0.05,0.025,0.075,0,0.05,0.025,0.075,0.1,0.075,0.075,0.1,0.025
1,0.125,0.025,0.075,0.125,0.05,0,0,0.125,0.075,0.05,0.05,0.025,0.1,0.075,0.075,0.025
1,0.075,0.05,0.125,0.05,0.075,0.025,0,0.1,0.075,0.05,0,0.1,0.05,0.075,0.1,0.05
1,0.1,0.125,0.05,0.025,0,0.075,0.05,0.15,0.075,0.025,0,0.025,0.125,0.075,0.025,0.075
1,0.1,0.025,0.05,0.1,0.075,0.05,0.05,0.025,0.05,0.075,0.05,0.075,0.05,0.05,0.1,0.075
1,0.225,0.075,0.05,0.025,0.05,0.025,0.025,0.1,0.05,0.05,0,0.05,0.075,0.025,0.075,0.1
1,0.1,0.075,0.025,0.075,0.075,0.075,0.05,0.025,0.05,0.025,0,0.1,0.075,0.05,0.075,0.125
1,0.075,0.025,0.2,0.025,0,0,0,0.1,0.125,0.025,0.05,0.075,0.125,0.05,0.025,0.1
1,0.025,0,0,0.075,0,0.175,0.075,0.05,0.05,0.05,0.1,0.05,0.025,0.075,0.075,0.175
1,0.025,0.125,0,0.05,0,0.125,0.15,0.1,0.05,0.075,0,0.025,0.1,0.05,0,0.125
1,0.125,0.025,0.125,0.05,0.025,0.125,0.075,0,0.1,0.05,0.025,0.05,0.1,0.025,0,0.1
1,0.025,0.05,0.025,0.1,0.075,0.125,0.1,0.025,0.075,0.075,0.075,0.05,0,0.075,0.075,0.05
1,0.15,0,0.025,0.125,0.05,0.025,0.05,0.05,0.025,0.1,0.05,0.075,0.075,0.05,0.1,0.05
1,0.275,0.075,0.05,0.05,0.075,0.125,0.025,0,0.05,0.025,0.075,0.05,0.05,0,0.05,0.025
1,0.05,0.025,0.025,0.1,0.025,0.125,0.075,0.025,0.025,0.025,0.05,0.1,0.1,0.075,0.025,0.15
1,0.1,0.125,0.05,0.025,0,0.025,0.025,0.175,0.075,0.025,0.05,0.025,0.125,0.025,0.05,0.1
1,0.05,0.025,0.075,0.1,0.1,0.05,0.025,0.05,0.05,0.075,0.025,0.075,0.05,0.075,0.075,0.1
1,0,0.025,0.125,0.075,0.15,0,0,0,0,0.1,0.125,0.1,0.075,0.025,0.075,0.125
1,0.175,0.1,0.025,0.075,0.05,0,0.025,0.075,0.075,0.05,0.125,0,0.075,0.025,0.075,0.05
1,0,0.05,0.05,0.1,0.1,0,0.025,0.125,0.075,0.05,0.05,0.025,0.025,0.15,0.075,0.1
1,0.075,0.075,0.075,0.025,0.05,0.05,0.05,0.05,0.025,0,0.175,0.125,0.1,0.05,0.025,0.05
1,0,0.125,0.025,0.025,0,0.05,0,0.2,0.1,0.025,0,0,0.1,0.05,0.1,0.2
1,0,0.025,0,0.05,0.025,0.15,0.025,0.125,0,0.025,0.025,0.075,0.075,0.125,0.075,0.2
1,0.1,0.05,0.125,0.125,0.075,0,0,0.05,0.2,0,0.05,0,0.05,0.05,0.075,0.05
1,0.125,0,0.05,0.05,0.025,0.1,0.075,0.1,0,0.1,0.05,0.075,0.075,0.1,0.05,0.025
1,0.075,0.125,0.075,0.075,0.075,0.05,0.075,0.025,0.15,0.05,0.075,0,0.05,0.025,0.05,0.025
1,0,0.05,0.05,0.05,0.075,0.1,0.025,0.1,0.025,0.05,0.025,0.05,0.075,0.1,0.05,0.175
1,0.025,0.075,0.025,0.05,0.05,0,0.025,0.125,0.05,0.05,0.025,0.075,0.05,0.05,0.125,0.2
1,0.05,0.075,0.025,0.1,0.1,0.175,0.075,0.075,0.025,0.05,0,0.05,0.075,0.1,0.025,0
1,0,0.05,0.125,0.025,0.075,0.125,0.075,0.05,0.1,0.125,0,0.025,0.025,0.025,0.075,0.1
1,0.1,0.025,0.1,0.125,0.025,0.075,0.025,0.025,0.1,0.025,0.05,0.05,0.125,0.025,0.05,0.075
1,0.025,0.025,0.15,0.1,0.05,0.05,0,0.075,0.075,0.025,0.025,0.075,0.15,0.075,0.025,0.075
1,0.225,0.05,0.1,0.1,0.025,0.025,0.025,0,0.15,0,0.15,0.025,0.05,0,0.05,0.025
1,0.05,0,0.1,0.025,0.05,0,0.05,0.075,0.05,0.075,0.125,0.125,0.025,0.1,0.1,0.05
1,0.15,0.025,0.075,0.025,0.1,0.125,0,0.05,0,0.05,0.025,0.075,0,0.075,0.075,0.15
1,0,0,0.1,0.075,0,0,0,0.1,0.05,0,0.075,0.075,0.15,0.075,0.025,0.275
1,0.025,0,0.025,0.1,0.05,0.175,0.1,0.05,0.05,0.075,0.05,0.025,0.025,0.1,0.025,0.125
1,0.075,0.05,0,0.025,0.025,0.125,0.1,0.075,0.05,0.075,0.125,0.075,0.025,0.075,0.075,0.025
1,0.075,0.1,0.075,0.025,0.075,0.025,0.025,0.1,0.025,0,0.075,0.1,0.1,0.1,0.025,0.075
1,0.025,0.075,0.025,0.025,0.05,0.175,0.025,0.125,0,0.075,0.025,0,0.075,0.05,0.05,0.2
1,0.05,0.05,0.125,0.075,0.1,0.025,0,0.05,0.1,0.05,0.025,0.075,0.05,0.05,0.1,0.075
1,0.075,0.025,0.075,0.125,0.15,0.075,0.025,0.025,0.025,0.05,0.05,0.075,0.05,0.125,0.05,0
1,0.025,0.125,0,0.1,0.15,0.025,0.025,0.05,0,0,0,0.1,0.05,0.1,0.1,0.15
1,0.1,0.025,0,0.15,0.1,0.05,0.025,0.05,0.025,0.05,0.075,0.05,0.05,0.1,0.075,0.075
1,0.075,0.075,0.175,0.025,0.175,0.05,0.025,0.025,0.075,0.05,0,0.075,0,0.125,0,0.05
1,0.1,0.075,0.075,0.025,0.125,0.075,0.1,0.05,0.05,0.125,0.075,0.025,0.025,0.05,0.025,0
1,0.15,0.15,0.05,0.025,0.1,0.1,0.025,0.1,0.05,0.025,0.025,0.025,0.075,0.05,0.025,0.025
1,0.1,0.125,0.05,0.075,0.15,0.075,0.025,0.025,0.05,0.05,0.05,0.05,0.05,0.025,0.075,0.025
1,0.05,0.05,0.075,0,0.125,0.125,0,0.075,0,0.025,0.05,0.1,0.025,0.125,0.05,0.125
1,0.1,0.05,0.025,0.1,0.05,0,0.075,0,0.1,0.025,0.05,0,0.025,0.05,0.025,0.325
1,0.175,0.05,0.025,0.125,0.05,0,0.025,0.05,0.05,0,0,0.05,0.125,0.075,0.05,0.15
1,0.075,0.1,0,0.05,0.1,0.025,0.05,0.075,0,0.1,0.1,0.05,0.05,0.025,0.1,0.1
1,0.175,0.1,0,0.075,0.05,0.075,0.075,0.025,0.05,0.025,0.025,0.05,0.075,0.025,0.05,0.125
1,0.1,0,0.05,0.05,0.025,0.15,0.1,0.025,0.05,0.05,0.05,0.1,0.025,0.075,0.05,0.1
1,0,0.075,0.025,0.075,0.075,0.15,0.025,0.1,0,0.025,0.125,0.075,0.075,0.1,0.075,0
1,0.125,0.1,0.05,0.125,0.05,0.025,0.025,0.075,0.1,0.025,0.05,0,0.125,0.05,0.05,0.025
1,0.05,0.1,0,0.075,0.125,0.025,0.075,0.1,0.025,0.05,0,0.025,0.05,0.15,0.025,0.125
1,0.05,0.05,0.075,0.05,0.075,0,0.1,0,0.05,0.05,0.075,0.1,0.05,0.05,0.05,0.175
1,0.075,0.075,0.05,0.075,0.05,0.025,0.025,0.1,0.05,0.05,0.075,0.05,0.075,0.05,0.1,0.075
1,0.325,0.075,0,0.025,0.075,0.075,0.025,0,0.05,0,0.1,0.025,0,0.025,0.05,0.15
1,0.15,0,0.05,0.125,0.05,0.025,0.05,0.025,0.05,0.05,0.075,0.1,0.1,0.075,0.075,0
1,0.05,0.075,0.05,0.025,0.025,0.025,0.05,0.125,0.075,0.025,0.075,0.1,0.025,0.125,0.1,0.05
1,0.125,0.175,0.05,0.1,0.125,0,0.075,0.025,0.15,0,0,0,0.075,0.05,0,0.05
1,0.025,0.05,0.1,0.025,0.1,0.025,0.075,0.075,0,0.15,0,0.125,0.05,0.05,0.125,0.025
1,0.125,0.025,0.025,0.05,0,0.275,0.125,0.05,0,0.075,0,0.05,0.1,0.075,0,0.025
1,0.025,0.025,0.05,0.125,0.05,0.125,0.025,0.025,0.05,0.025,0.05,0.025,0.1,0.05,0.05,0.2
1,0.15,0.05,0.15,0.1,0.1,0.05,0.025,0,0.125,0.05,0.05,0,0.075,0.025,0,0.05
1,0.075,0.075,0.05,0.05,0.1,0.15,0,0.1,0,0.05,0.025,0.025,0.075,0.1,0,0.125
1,0,0.075,0,0,0.075,0.125,0,0.1,0,0.025,0,0.025,0,0.1,0.05,0.425
1,0.075,0.05,0.025,0.075,0.025,0.05,0.025,0.075,0.05,0,0.075,0.1,0.05,0.1,0.1,0.125
1,0.125,0.05,0.05,0.075,0.075,0.025,0,0.075,0.05,0,0.025,0.025,0.075,0.1,0.025,0.225
1,0.05,0.05,0.075,0.1,0.025,0.025,0.025,0.05,0.05,0.025,0.025,0.1,0.125,0.025,0.075,0.175
1,0.225,0.025,0.025,0.1,0.1,0.05,0,0.05,0,0.025,0,0.05,0.025,0.125,0.05,0.15
1,0.075,0.025,0.075,0.2,0.15,0.075,0,0,0.05,0.075,0,0.025,0.075,0.05,0.075,0.05
1,0,0.125,0.05,0.05,0.075,0.025,0.05,0.125,0.075,0.05,0.025,0.05,0.05,0.075,0.075,0.1
1,0,0.05,0.05,0.125,0.175,0.1,0,0.075,0.05,0.025,0,0.025,0.025,0.15,0.05,0.1
1,0.075,0.1,0.025,0.05,0.125,0.075,0.05,0.15,0.05,0.025,0.025,0.025,0,0.225,0,0
1,0.15,0.125,0.05,0,0.075,0.025,0.125,0.05,0.075,0.075,0.1,0.05,0.05,0.025,0.025,0
1,0.15,0.025,0.075,0.125,0.025,0,0.05,0.025,0.15,0.025,0.075,0,0.075,0.05,0.025,0.125
1,0.075,0.025,0.025,0.025,0.05,0.025,0.1,0.05,0.025,0.1,0.05,0.125,0,0.075,0.15,0.1
1,0.1,0.05,0.1,0.05,0.025,0.025,0.05,0.05,0.1,0.05,0.025,0.075,0.1,0.025,0.075,0.1
1,0.075,0.075,0,0.05,0.05,0.1,0.125,0.05,0.075,0.1,0.075,0,0,0.075,0.05,0.1
1,0.05,0.025,0.075,0.05,0.05,0.15,0.025,0.025,0.025,0.075,0,0.025,0.05,0,0.025,0.35
1,0.1,0.05,0.05,0.075,0.05,0.025,0,0.075,0.05,0.05,0.125,0.025,0.075,0.025,0.075,0.15
1,0.05,0.075,0.025,0.05,0.05,0.05,0.075,0.05,0.025,0.1,0.075,0.075,0.075,0,0.125,0.1
1,0.025,0.05,0.025,0.05,0.05,0.1,0.05,0.125,0.025,0.075,0.125,0.025,0.05,0.125,0.05,0.05
1,0.125,0.1,0.05,0.05,0.1,0.15,0.075,0,0.05,0.075,0.1,0.025,0.025,0.025,0.025,0.025
1,0.325,0,0.125,0.125,0.025,0,0,0,0.075,0,0.05,0.05,0.15,0.025,0,0.05
1,0.05,0.025,0.125,0.05,0.025,0,0,0,0.1,0,0.325,0.1,0.075,0.025,0.05,0.05
1,0.075,0.05,0.05,0.1,0.05,0.075,0.025,0.05,0.125,0.025,0.05,0.05,0.05,0.05,0.1,0.075
1,0,0,0.05,0.075,0,0.05,0.025,0.15,0.025,0.025,0.15,0.1,0.1,0.15,0.05,0.05
1,0.1,0.1,0.075,0.025,0.075,0.1,0.075,0.075,0.025,0.025,0,0.1,0.075,0.1,0.025,0.025
1,0.15,0.075,0.025,0.1,0.05,0.05,0.025,0.05,0,0.025,0,0.025,0.15,0.025,0,0.25
1,0.1,0,0.025,0.075,0,0.025,0,0.075,0,0.025,0,0.125,0.075,0.05,0.125,0.3
1,0.05,0.025,0.125,0.025,0.025,0,0.025,0.1,0.1,0.05,0.025,0.075,0.05,0.1,0.05,0.175
1,0,0,0.025,0.15,0.1,0.125,0.025,0.025,0.025,0.05,0,0.05,0.05,0.125,0.075,0.175
1,0.075,0.075,0.075,0.1,0.075,0,0.05,0.05,0.15,0.025,0.075,0.025,0.025,0.05,0.075,0.075
1,0.125,0.15,0.075,0.05,0.15,0,0,0.05,0.05,0.025,0.05,0.075,0.1,0.025,0.05,0.025
1,0.075,0,0.025,0.15,0.1,0,0.075,0,0,0.05,0.025,0.075,0.075,0.125,0.05,0.175
1,0.175,0.05,0.1,0.1,0.075,0.1,0,0,0.075,0,0.05,0.05,0.1,0.025,0.025,0.075
1,0.275,0.075,0.05,0.025,0.075,0.025,0.025,0.025,0.075,0,0.025,0.025,0.025,0.05,0,0.225
1,0.1,0.025,0,0.025,0.05,0.05,0.05,0.025,0.025,0.025,0.075,0.125,0,0.05,0.125,0.25
1,0.05,0.075,0.075,0.025,0.05,0.075,0.025,0.025,0.075,0,0.1,0.1,0.05,0.025,0.05,0.2
1,0.025,0.025,0.05,0.025,0.05,0.075,0.075,0.1,0.075,0.05,0.075,0.1,0,0.125,0.1,0.05
1,0.025,0.075,0.025,0.125,0.075,0.025,0.05,0,0.05,0.025,0.075,0.15,0.1,0.025,0.15,0.025
1,0.05,0.125,0.025,0.125,0.2,0.05,0.05,0.05,0.05,0.025,0,0,0.025,0.125,0.025,0.075
1,0.1,0.075,0.05,0.075,0.05,0.025,0,0.05,0.025,0,0.025,0.05,0.125,0.025,0.025,0.3
1,0.025,0.025,0.1,0,0.025,0.025,0,0.125,0.025,0.1,0.1,0.025,0.075,0.05,0.05,0.25
1,0,0.075,0.05,0.1,0.1,0.125,0.05,0.025,0.05,0.05,0.025,0.025,0.05,0.075,0.025,0.175
1,0.125,0.05,0.025,0.1,0.05,0.05,0.025,0.05,0,0.05,0.075,0.05,0.1,0.025,0.075,0.15
1,0.25,0.075,0,0.175,0.075,0,0.025,0.025,0,0,0.025,0.05,0.175,0.05,0.025,0.05
1,0.05,0.05,0.05,0.025,0.05,0.025,0,0.075,0.025,0,0.025,0.1,0.025,0.1,0.075,0.325
1,0.2,0,0.075,0.075,0.05,0.075,0.075,0.05,0.075,0.05,0.1,0.025,0.05,0.1,0,0
1,0.175,0.025,0,0.1,0.075,0.05,0.05,0.075,0,0.05,0,0,0.075,0.125,0,0.2
1,0.05,0.025,0.025,0.1,0.075,0.125,0.025,0.075,0.025,0,0.05,0.1,0.05,0.15,0.05,0.075
1,0.175,0.075,0,0.05,0.075,0.05,0.05,0.025,0.05,0,0.05,0.1,0,0.075,0.1,0.125
1,0.1,0.025,0.075,0.025,0.025,0.05,0.075,0,0.05,0.075,0.1,0.1,0.075,0,0.075,0.15
1,0.025,0.05,0,0.125,0.05,0.05,0.025,0.075,0.1,0.025,0.05,0.05,0.05,0.075,0.15,0.1
1,0.075,0.075,0.075,0.075,0.125,0,0.125,0.05,0.075,0.15,0,0,0.05,0.075,0.025,0.025
1,0.05,0.075,0.05,0.025,0.125,0.175,0.05,0.025,0.05,0.05,0.025,0.025,0,0.075,0.025,0.175
1,0.15,0.1,0.025,0.125,0.075,0.025,0.025,0.025,0.05,0,0,0.025,0.1,0.025,0.025,0.225
1,0.125,0.05,0.025,0.05,0.05,0.175,0.025,0.125,0,0.05,0,0.025,0.1,0.075,0.025,0.1
1,0.05,0.075,0.05,0.1,0.05,0,0.125,0,0.1,0.05,0.075,0.075,0.075,0.05,0.05,0.075
1,0.1,0.025,0.225,0.025,0.05,0.025,0.1,0,0.2,0.125,0.1,0,0,0,0.025,0
1,0.05,0.025,0.05,0.125,0.025,0.025,0.05,0.075,0.075,0.025,0.025,0.025,0.075,0.1,0.05,0.2
1,0.05,0.075,0.075,0.05,0.025,0.125,0.125,0,0.125,0.075,0,0.05,0.05,0.025,0.025,0.125
1,0.125,0.05,0.075,0.025,0.1,0.1,0,0.075,0.05,0.05,0.125,0.05,0,0.075,0.075,0.025
1,0.175,0.075,0.15,0.05,0.075,0.025,0.025,0.025,0.175,0,0.05,0.025,0.05,0.025,0.025,0.05
1,0.125,0.05,0.05,0.075,0.025,0,0.025,0.1,0.05,0.05,0.025,0.075,0.1,0.05,0.1,0.1
1,0.025,0.05,0.05,0.05,0.075,0.05,0.1,0.075,0.075,0.05,0.125,0.075,0.025,0.125,0.05,0
1,0.075,0.1,0.1,0.025,0.1,0.075,0,0.025,0.025,0.05,0.075,0.125,0.1,0,0.1,0.025
1,0.175,0.05,0.125,0,0.1,0,0.075,0.025,0.1,0.075,0.025,0.1,0,0.05,0.075,0.025
1,0,0,0.025,0.025,0.025,0,0.075,0.025,0,0.1,0.175,0.1,0.025,0.025,0.1,0.3
1,0.1,0.05,0.05,0.1,0,0,0,0.075,0.025,0.05,0.125,0.025,0.15,0,0.05,0.2
1,0.075,0.15,0.05,0.05,0.1,0.075,0.05,0.025,0.05,0,0.075,0.05,0.1,0.05,0,0.1
1,0.125,0.075,0.075,0.075,0.025,0.075,0.125,0.025,0.175,0.075,0.05,0,0.025,0.025,0.05,0
1,0.075,0.075,0.025,0.075,0,0.025,0.075,0.075,0.1,0,0.075,0.025,0.075,0.075,0.05,0.175
1,0.25,0.025,0.025,0.125,0.025,0,0.05,0.05,0.05,0.05,0.05,0.05,0.075,0.05,0.075,0.05
1,0.05,0.1,0.05,0.025,0.1,0.05,0.1,0.1,0.05,0.075,0,0.075,0.025,0.125,0.05,0.025
1,0.05,0.075,0.05,0.025,0.025,0.1,0.075,0.1,0.1,0.025,0.05,0.05,0.05,0.075,0.05,0.1
1,0.125,0.025,0.025,0.2,0.05,0.05,0.075,0,0.125,0.025,0.05,0.025,0.05,0.075,0.075,0.025
1,0.1,0,0.075,0.05,0.05,0.025,0.025,0.05,0.05,0.05,0.175,0.075,0.05,0.05,0.075,0.1
1,0.1,0.025,0.075,0.075,0.075,0.025,0.025,0.075,0.05,0.075,0.05,0.075,0.025,0.075,0.1,0.075
1,0.125,0.05,0.025,0.1,0.125,0.075,0.025,0.075,0,0.025,0,0.025,0.075,0.15,0,0.125
1,0.075,0.05,0.05,0,0.05,0.075,0.1,0.1,0,0.075,0.05,0.1,0.075,0.1,0.025,0.075
1,0.1,0.125,0.075,0.075,0.1,0.1,0.025,0.05,0.075,0.025,0.075,0.025,0.075,0.025,0.05,0
1,0.1,0,0.025,0.225,0,0,0,0.075,0.05,0.025,0.025,0.05,0.2,0.05,0.075,0.1
1,0.3,0.1,0,0.125,0.125,0.025,0,0,0.05,0,0,0,0.075,0.025,0.05,0.125
1,0.2,0.225,0,0.025,0.15,0.025,0.1,0.025,0.075,0.025,0.075,0,0.025,0.025,0,0.025
1,0.1,0.025,0.075,0.175,0.075,0,0,0,0.1,0.025,0.05,0.025,0.1,0,0.075,0.175
1,0.1,0.075,0.075,0.025,0.1,0.025,0,0.025,0.025,0,0.025,0.05,0.05,0.05,0.025,0.35
1,0.1,0.05,0.075,0.05,0.05,0.075,0.025,0.125,0.075,0.05,0.025,0.05,0.075,0.075,0.075,0.025
1,0.075,0.1,0.05,0.075,0.15,0.05,0.075,0.025,0.1,0.05,0.05,0,0,0.1,0.025,0.075
1,0,0.025,0.025,0.025,0.075,0.125,0.1,0.075,0,0.075,0.1,0.125,0,0.125,0.075,0.05
1,0.075,0.05,0,0.1,0.15,0.075,0.05,0.05,0,0.05,0.025,0.025,0.025,0.125,0.025,0.175
1,0.075,0.075,0.125,0.025,0.15,0.05,0.025,0.05,0.05,0.075,0,0.05,0.025,0.075,0.025,0.125
1,0.1,0.075,0.025,0.125,0.1,0.1,0.025,0.05,0,0,0,0.1,0.125,0.075,0.075,0.025
1,0.025,0.075,0.1,0.025,0.025,0.025,0.05,0.1,0.075,0.05,0.075,0.1,0.075,0.075,0.075,0.05
1,0.025,0.05,0.1,0.025,0.05,0.05,0.025,0.05,0.1,0.075,0.025,0.075,0.025,0.025,0.1,0.2
1,0.05,0.075,0.025,0.175,0.05,0,0,0.1,0.025,0.025,0.05,0.05,0.175,0.05,0.1,0.05
1,0.15,0.1,0.025,0.1,0.075,0.075,0.05,0,0.075,0.025,0,0.05,0.075,0.025,0.075,0.1
1,0,0,0.15,0.025,0.025,0.05,0.025,0.075,0.075,0.1,0.175,0.075,0.075,0.05,0.05,0.05
1,0.075,0.075,0.075,0.05,0.025,0.125,0.05,0.025,0.05,0,0,0.075,0.125,0.025,0.025,0.2
1,0.125,0.075,0,0,0.025,0.075,0.05,0.15,0.05,0.025,0.15,0.025,0.025,0.1,0.05,0.075
1,0.1,0.075,0.1,0.125,0.075,0.025,0.025,0.025,0.075,0.025,0.05,0.075,0.125,0.025,0.05,0.025
1,0.075,0.025,0.025,0.15,0.05,0.15,0.025,0.025,0.05,0.025,0,0.025,0.075,0.05,0.05,0.2
1,0.225,0.075,0.05,0.075,0.075,0.1,0,0.025,0.075,0,0,0.05,0.025,0.05,0.075,0.1
1,0.225,0.1,0.05,0.075,0.05,0,0,0.075,0.025,0,0.025,0.05,0.125,0.025,0.025,0.15
1,0.05,0,0.1,0.05,0.025,0,0.025,0,0.075,0,0.2,0.15,0.025,0.05,0.1,0.15
1,0.175,0.075,0.1,0.025,0.125,0.125,0.025,0.025,0.025,0.075,0.025,0.05,0.075,0.025,0.025,0.025
1,0.075,0.05,0.1,0.1,0.025,0.025,0.025,0.025,0.05,0.025,0.05,0.1,0.15,0,0.05,0.15
1,0,0.05,0.125,0,0.05,0.075,0.075,0.075,0.075,0.1,0.125,0.05,0.05,0.05,0.05,0.05
1,0.15,0.025,0.1,0.075,0.05,0.025,0.05,0,0.075,0.05,0.1,0.05,0.05,0.025,0.05,0.125
1,0.175,0.075,0.125,0.025,0.05,0,0.075,0,0.15,0.05,0.075,0.075,0.05,0,0.075,0
1,0.05,0.025,0.05,0.05,0.05,0,0.15,0.075,0.05,0.2,0.125,0.025,0,0.075,0.075,0
1,0.075,0,0.05,0.1,0.05,0,0.025,0,0.05,0,0.125,0.1,0.075,0.075,0.05,0.225
1,0.025,0,0.05,0.1,0.075,0.025,0.05,0.075,0.05,0.075,0.05,0.05,0.025,0.1,0.075,0.175
1,0.025,0.05,0.025,0.025,0.025,0.025,0.075,0,0.025,0.025,0.025,0.2,0.05,0.025,0.15,0.25
1,0.2,0.025,0.075,0.1,0.075,0,0,0.1,0.025,0.025,0.05,0.075,0.1,0.125,0.025,0
1,0.175,0.05,0,0.125,0.075,0.05,0,0.05,0,0.025,0,0.05,0.125,0.05,0.05,0.175
1,0.025,0.025,0.05,0.05,0,0.275,0.025,0,0.075,0,0.05,0.125,0.075,0,0.125,0.1
1,0.1,0.075,0.05,0.15,0.075,0.075,0.075,0,0.125,0.05,0.05,0,0.075,0,0.05,0.05
1,0.3,0.025,0.125,0.075,0,0,0,0.025,0.175,0,0.05,0.025,0.05,0,0.075,0.075
1,0.125,0.025,0.025,0.15,0.025,0.05,0.125,0.025,0.075,0.025,0.025,0.05,0.1,0.1,0,0.075
1,0.05,0.1,0.025,0.125,0.075,0.025,0.075,0.025,0.125,0.025,0.05,0.05,0.05,0.05,0.1,0.05
1,0.25,0,0.05,0.025,0.025,0.2,0.025,0.1,0.025,0.05,0.075,0,0,0.125,0,0.05
1,0.25,0.05,0,0.1,0,0,0.1,0,0.075,0.025,0.05,0.05,0.075,0.025,0.05,0.15
1,0.175,0.025,0.1,0.1,0.05,0,0.05,0,0.125,0.05,0.05,0.025,0.025,0.025,0.05,0.15
1,0.15,0.075,0.025,0.1,0.025,0.025,0.15,0,0.1,0.075,0.075,0.05,0.075,0.05,0.025,0
1,0.25,0.05,0,0.15,0.1,0,0,0.025,0,0.025,0,0.075,0.1,0.025,0.1,0.1
1,0.125,0.05,0.125,0.05,0.075,0,0.05,0.05,0.1,0.075,0.025,0.05,0.025,0.05,0.075,0.075
1,0.25,0.075,0.1,0.075,0.125,0.1,0,0.025,0.05,0,0,0.05,0.075,0.075,0,0
1,0.15,0.025,0.075,0.025,0,0.025,0.025,0.15,0.05,0.025,0.05,0.025,0.05,0.125,0.025,0.175
1,0.05,0.075,0.025,0.1,0.025,0.05,0.075,0.125,0.1,0,0.075,0.025,0.1,0.125,0.025,0.025
1,0.15,0.075,0.05,0.025,0.075,0.075,0.075,0.025,0.075,0.05,0.175,0.05,0,0.025,0.05,0.025
1,0.1,0.1,0.05,0.1,0.025,0,0.1,0,0.175,0.025,0.025,0.025,0.075,0,0.075,0.125
1,0.15,0.05,0,0.1,0.05,0.05,0.05,0,0.075,0,0.15,0,0.025,0.05,0.025,0.225
1,0.175,0.05,0.025,0.075,0.1,0.05,0.075,0.05,0,0.125,0.05,0.025,0.075,0.05,0.05,0.025
1,0.075,0.1,0.075,0.075,0.125,0.05,0.025,0.05,0.05,0,0,0.1,0.075,0.075,0.05,0.075
1,0.1,0.025,0.05,0.075,0.075,0.125,0.075,0.025,0.025,0.05,0,0.05,0.025,0.1,0,0.2
1,0.05,0.05,0.075,0.1,0.1,0.05,0.05,0.025,0.05,0.025,0,0.125,0.075,0.1,0.075,0.05
1,0.125,0,0.025,0.075,0.05,0.05,0.05,0.05,0.05,0.075,0.125,0.025,0.025,0.075,0.05,0.15
1,0.15,0.1,0.05,0.1,0.175,0.025,0,0.05,0.05,0,0.05,0,0.05,0.1,0,0.1
1,0.25,0.025,0.025,0.075,0,0.125,0.05,0.05,0.025,0.05,0.025,0.025,0.075,0.05,0.025,0.125
1,0,0.1,0,0.05,0.1,0.05,0.225,0.05,0,0.175,0.025,0.025,0.05,0.075,0,0.075
1,0.075,0.05,0.075,0.05,0.075,0.075,0.025,0.025,0.1,0.05,0.15,0.075,0,0.025,0.15,0
1,0.1,0.075,0.025,0.05,0.05,0.15,0.075,0.1,0.05,0.125,0.075,0,0.05,0.025,0.05,0
1,0.2,0.05,0.025,0.075,0.075,0.075,0.025,0.125,0.025,0.075,0,0,0.05,0.075,0.05,0.075
1,0.125,0.075,0.025,0.05,0.05,0.125,0.025,0.025,0.025,0.025,0.1,0.1,0.075,0.025,0.075,0.075
1,0.125,0.125,0.05,0.025,0.1,0.075,0.025,0.1,0.05,0.05,0.025,0.05,0.025,0.05,0.075,0.05
1,0.275,0.025,0.025,0.05,0,0,0.025,0.025,0.025,0,0.05,0.1,0.1,0.025,0.075,0.2
1,0.075,0.075,0.05,0.05,0.075,0,0.1,0,0.025,0.075,0.025,0.15,0.075,0.05,0.1,0.075
1,0.125,0.025,0.05,0.075,0.025,0.05,0.05,0.05,0.1,0.025,0.15,0.05,0.025,0.075,0.075,0.05
1,0.075,0,0,0.2,0.025,0,0,0,0,0,0,0.1,0.15,0.025,0.1,0.325
1,0.15,0.05,0.075,0.075,0.05,0.075,0.075,0.05,0.1,0.05,0.05,0.025,0.05,0.075,0.025,0.025
1,0.05,0.075,0.025,0.025,0.05,0.1,0.075,0.125,0.05,0.075,0,0.025,0.025,0.125,0.05,0.125
1,0.05,0.05,0.05,0.075,0.025,0.05,0,0.175,0.025,0.05,0.025,0.025,0.125,0.1,0.075,0.1
1,0.05,0.05,0,0.05,0.05,0.05,0.05,0.075,0.05,0.025,0.05,0.025,0.025,0.1,0.025,0.325
1,0.075,0,0.125,0.075,0.025,0.05,0.075,0.05,0.15,0.1,0.15,0,0,0.05,0.05,0.025
1,0.175,0.025,0.075,0.05,0.025,0,0.025,0.075,0.025,0.1,0.075,0.025,0.1,0,0.075,0.15
1,0,0.025,0.1,0.05,0.1,0,0,0,0.05,0.075,0.15,0.1,0.025,0,0.125,0.2
1,0.025,0,0.05,0.025,0.025,0.125,0.05,0.075,0.025,0.1,0.05,0.075,0.025,0.05,0.1,0.2
1,0.075,0.025,0.025,0.025,0.025,0.175,0.1,0.075,0.025,0.125,0.025,0.075,0.025,0.075,0.1,0.025
1,0.15,0.025,0.075,0.075,0.05,0.15,0.05,0.05,0.075,0.125,0.025,0,0.05,0,0.05,0.05
1,0.2,0,0.075,0.075,0.05,0,0,0,0.1,0.025,0.125,0.075,0,0.025,0.125,0.125
1,0.025,0.025,0.025,0.025,0.025,0.075,0.05,0.1,0.025,0.075,0.125,0.1,0.025,0.075,0.125,0.1
1,0.15,0.075,0,0.125,0.075,0,0.05,0,0.05,0,0.05,0.025,0.075,0.05,0.025,0.25
1,0.05,0.025,0.125,0.075,0.05,0.05,0.025,0.025,0.125,0.05,0.05,0.025,0.05,0.05,0.05,0.175
1,0.05,0,0.025,0.15,0.05,0.05,0.1,0.05,0.075,0.025,0.025,0.05,0.05,0.15,0.025,0.125
1,0.15,0.025,0.125,0.125,0.05,0,0,0.025,0.075,0.025,0.05,0.05,0.15,0.025,0.025,0.1
1,0.2,0.05,0.025,0.075,0.025,0.05,0.075,0.05,0.1,0.025,0.15,0.025,0.025,0.075,0.025,0.025
1,0.025,0.15,0,0.05,0.05,0.125,0.05,0.125,0.075,0.05,0.05,0,0.075,0,0.075,0.1
1,0.05,0.225,0,0.075,0.125,0.05,0.05,0.1,0.05,0.05,0.025,0,0.1,0,0.05,0.05
1,0.1,0.025,0.075,0.025,0,0.1,0.075,0.075,0.1,0.075,0.05,0.05,0.025,0.05,0.05,0.125
1,0.05,0.025,0.05,0.1,0.075,0.05,0.075,0,0.1,0,0.125,0.05,0,0.125,0.05,0.125
1,0.025,0.025,0.15,0.025,0.075,0,0,0.025,0.05,0.05,0.225,0.15,0.075,0.025,0.075,0.025
1,0.225,0.025,0.05,0.125,0.05,0.025,0,0.05,0.05,0,0.025,0.05,0.125,0.075,0.05,0.075
1,0.125,0.05,0.075,0.05,0.1,0.025,0.075,0.025,0.05,0.1,0.05,0.1,0.025,0.025,0.1,0.025
1,0.175,0.075,0.1,0.025,0.075,0.025,0.025,0.05,0.075,0.025,0.025,0.1,0.075,0.025,0.075,0.05
1,0.35,0.05,0,0.075,0.05,0.125,0.05,0.025,0.05,0.025,0,0,0,0.075,0.025,0.1
1,0.075,0.025,0,0.1,0.025,0.1,0.025,0.025,0.025,0,0,0.025,0.075,0.05,0.025,0.425
1,0.075,0.025,0.1,0,0.05,0.1,0.075,0.075,0.075,0.1,0.05,0.05,0,0.075,0.05,0.1
1,0.05,0.025,0.025,0.05,0,0.1,0.075,0.025,0.05,0.05,0,0.175,0.05,0.05,0.175,0.1
1,0.075,0.075,0.075,0.05,0.075,0.05,0.05,0.1,0.05,0.05,0.05,0.025,0.1,0.1,0,0.075
1,0.15,0.025,0.075,0.075,0.1,0.075,0,0.05,0.025,0.05,0.025,0.025,0.05,0.075,0.025,0.175
1,0.1,0,0.075,0.125,0.025,0.075,0.025,0.025,0.025,0.05,0.05,0.075,0.125,0.025,0.05,0.15
1,0.075,0.1,0.05,0.05,0.1,0.05,0.025,0.025,0.05,0.05,0.1,0.075,0.025,0,0.1,0.125
1,0.225,0.025,0.075,0.1,0.075,0,0.025,0.05,0.075,0.05,0,0.025,0.075,0.05,0.05,0.1
1,0.3,0.075,0.05,0.125,0.05,0,0.025,0.025,0.05,0.025,0.025,0.025,0.125,0,0.05,0.05
1,0.05,0.125,0.05,0.075,0.075,0.05,0.075,0.025,0.125,0.025,0.025,0.05,0.025,0.05,0.075,0.1
1,0.1,0.05,0.075,0.075,0.025,0,0,0.075,0.025,0.05,0,0.05,0.15,0,0.075,0.25
1,0.125,0.025,0.05,0.125,0.075,0.075,0.025,0.025,0.025,0.025,0.05,0.1,0.075,0.075,0.075,0.05
1,0,0.05,0.075,0.1,0.025,0.025,0.1,0.05,0.175,0.1,0.125,0,0,0.05,0.1,0.025
1,0.225,0.05,0.075,0.025,0.025,0.075,0.075,0.1,0.1,0.075,0,0.025,0.025,0.075,0.05,0
1,0.125,0.075,0.05,0.1,0.05,0.125,0.025,0.05,0.1,0.025,0.075,0,0.05,0.025,0.075,0.05
1,0.125,0.075,0,0.1,0,0,0.075,0.05,0.075,0.025,0.05,0.1,0.1,0.025,0.1,0.1
1,0.1,0.1,0.05,0.025,0.075,0.15,0.05,0.05,0.05,0.05,0.025,0.025,0.075,0.025,0.025,0.125
1,0.175,0.05,0.075,0.125,0.05,0.025,0,0.025,0.075,0.025,0.025,0.05,0.125,0,0.05,0.125
1,0.075,0.075,0.075,0.025,0.05,0,0.025,0.075,0.075,0.025,0,0.1,0.05,0.075,0.1,0.175
1,0.15,0.025,0.125,0,0.05,0.05,0.025,0.05,0.025,0.1,0,0.15,0.05,0.025,0.125,0.05
1,0.1,0.025,0.075,0.125,0.025,0,0.025,0,0.125,0,0.1,0.1,0.075,0.025,0.1,0.1
1,0.2,0.025,0.075,0.1,0.05,0,0.025,0.05,0.1,0.025,0,0.025,0.075,0.05,0.05,0.15
1,0,0.05,0.025,0.075,0.025,0.075,0.075,0.1,0.025,0.1,0.075,0.075,0.1,0.05,0.075,0.075
1,0.025,0.05,0.125,0.075,0.075,0.025,0.05,0.05,0.125,0.05,0,0.075,0.05,0.075,0.075,0.075
1,0,0,0.025,0.075,0.025,0.025,0.05,0.075,0.05,0.025,0.025,0.15,0.025,0.125,0.175,0.15
1,0.025,0.15,0.075,0,0.175,0.025,0.075,0.025,0.025,0.125,0.075,0.1,0,0.025,0.1,0
1,0.025,0.05,0.05,0.125,0.025,0.025,0,0.1,0.05,0.05,0.05,0.025,0.15,0.05,0.075,0.15
1,0.05,0.05,0.075,0.075,0,0.05,0.025,0.125,0.025,0.025,0,0.1,0.15,0.075,0.075,0.1
1,0.125,0.05,0.025,0.075,0.075,0.05,0.1,0.05,0.075,0.075,0.1,0,0,0.075,0.025,0.1
1,0.05,0.05,0.1,0.1,0.05,0.075,0.025,0.075,0.075,0.025,0,0.05,0.1,0.075,0.025,0.125
1,0.1,0.075,0.075,0.025,0.05,0.025,0.05,0.1,0.075,0.05,0.05,0.075,0.05,0.075,0.075,0.05
1,0,0,0,0.05,0,0.075,0,0.3,0,0,0,0.025,0.05,0.275,0.025,0.2
1,0.05,0.125,0,0.1,0.05,0.025,0.05,0.125,0.075,0.05,0,0,0.1,0.05,0.1,0.1
1,0.1,0.025,0.025,0.05,0.025,0.05,0.025,0.125,0.05,0.025,0.025,0.05,0.025,0.1,0.1,0.2
1,0.05,0.05,0.15,0.025,0.05,0.075,0.05,0.025,0.1,0.075,0.025,0.1,0.075,0,0.075,0.075
1,0.125,0,0.025,0.075,0.075,0.05,0.05,0.025,0.05,0.075,0.1,0.025,0,0.05,0.075,0.2
1,0,0.075,0.025,0.1,0.05,0.05,0.075,0.075,0.1,0.025,0.025,0.05,0.075,0.075,0.075,0.125
1,0,0.025,0.05,0.025,0.075,0.075,0.075,0.075,0.025,0.075,0.025,0.075,0,0.125,0.05,0.225
1,0,0,0.025,0.1,0,0.1,0.025,0.125,0.075,0,0,0,0.05,0.125,0.05,0.325
1,0.05,0.05,0.075,0.075,0.05,0.15,0.075,0.05,0.15,0.05,0.05,0,0.025,0.075,0.025,0.05
1,0.05,0.05,0,0.05,0.125,0.35,0.025,0.05,0,0.05,0,0.025,0,0.1,0.025,0.1
1,0.075,0.05,0,0.15,0.125,0.025,0.05,0.05,0.05,0.075,0.05,0.025,0.025,0.1,0.075,0.075
1,0.15,0.05,0.025,0.1,0.1,0.125,0.025,0,0.025,0.025,0,0.05,0.075,0.025,0.05,0.175
1,0.175,0.125,0.025,0.05,0.05,0.1,0.025,0.075,0.1,0,0,0.025,0.05,0.025,0.075,0.1
1,0.15,0.125,0.025,0.125,0.05,0.075,0,0.075,0.1,0,0.05,0,0.125,0,0.075,0.025
1,0.075,0,0.025,0.1,0.025,0.15,0.075,0.025,0.025,0.05,0.025,0.075,0.05,0.1,0.05,0.15
1,0.075,0.025,0.05,0.1,0.025,0.075,0.025,0.075,0.05,0,0.05,0.1,0.075,0.1,0.1,0.075
1,0.125,0.075,0.1,0.05,0.075,0,0.1,0.025,0.125,0.075,0.075,0.05,0.05,0.025,0.05,0
1,0.1,0.025,0.05,0.05,0,0,0,0.05,0.075,0.025,0.025,0.1,0.075,0,0.15,0.275
1,0.1,0.025,0.025,0.025,0.025,0.05,0.05,0.025,0.025,0.025,0.125,0.1,0.025,0.075,0.075,0.225
1,0.25,0.025,0.025,0.1,0.025,0.025,0,0.075,0.05,0,0.05,0.05,0.075,0.1,0.05,0.1
1,0.05,0.125,0.025,0.075,0.1,0,0.075,0.025,0.05,0.025,0.1,0.1,0.1,0.05,0.075,0.025
1,0.05,0.075,0.075,0.075,0.025,0.05,0.1,0.05,0.15,0.05,0.025,0,0.05,0.025,0.05,0.15
1,0.125,0.075,0.075,0.075,0,0.05,0.075,0.05,0.125,0.05,0,0.05,0.075,0,0.1,0.075
1,0.125,0.075,0.05,0.125,0.075,0.025,0.05,0.025,0.075,0.025,0.05,0.05,0.125,0.025,0.05,0.05
1,0.175,0.025,0.05,0.1,0,0,0.05,0.05,0.1,0,0.025,0.075,0.075,0.075,0.075,0.125
1,0.125,0.025,0.075,0.075,0.05,0.025,0.025,0.075,0.025,0.025,0.1,0.075,0.125,0.075,0.025,0.075
1,0.05,0.025,0.075,0.1,0.05,0.125,0.025,0.05,0.075,0.025,0.025,0.05,0.075,0.05,0.075,0.125
1,0.025,0.05,0.025,0.05,0.05,0.025,0.05,0.075,0.05,0.025,0.05,0.15,0.025,0.1,0.125,0.125
1,0.075,0.075,0.075,0.075,0.1,0.025,0.1,0.025,0.05,0.075,0.05,0.075,0.05,0.075,0.05,0.025
1,0.075,0.025,0.025,0.075,0.05,0.175,0,0.1,0,0.1,0.075,0.05,0.075,0.025,0.125,0.025
1,0.075,0.025,0,0.1,0.05,0.125,0.1,0.025,0.05,0.075,0.025,0.025,0.025,0.05,0.05,0.2
1,0.25,0.05,0.025,0.05,0.025,0.05,0.075,0.025,0.05,0.05,0.05,0.025,0.05,0.025,0.025,0.175
1,0.175,0.075,0.025,0.075,0.075,0.125,0.05,0.05,0.1,0.025,0.05,0,0,0.1,0.05,0.025
1,0.1,0.075,0.05,0.075,0.05,0.025,0.05,0.1,0.075,0,0.025,0.025,0.075,0.1,0,0.175
1,0.075,0.025,0.025,0.1,0,0.125,0.05,0.075,0.05,0.05,0.025,0.05,0.1,0.05,0.075,0.125
1,0.025,0.025,0.075,0.075,0.05,0,0.05,0.025,0.1,0.075,0.075,0.1,0.025,0,0.15,0.15
1,0.025,0.075,0.075,0,0.075,0.1,0.05,0.125,0.075,0.05,0.05,0.05,0.025,0.1,0.05,0.075
1,0.125,0,0.075,0.1,0.025,0.1,0.05,0.05,0.075,0.05,0,0.075,0.075,0.075,0.075,0.05
1,0.1,0.05,0.05,0.05,0.075,0.125,0.025,0.075,0.025,0.075,0.025,0.075,0.05,0.025,0.125,0.05
1,0.1,0.075,0.05,0.05,0.05,0.1,0.05,0.05,0.05,0.025,0.05,0.075,0.075,0.05,0.075,0.075
1,0.225,0.075,0.075,0.05,0.05,0,0.025,0.05,0.075,0.025,0.025,0.025,0.075,0.05,0.025,0.15
1,0.325,0.075,0.05,0.025,0.075,0.05,0.025,0.05,0,0,0.025,0.075,0.1,0.05,0,0.075
1,0.075,0.1,0.05,0.025,0.075,0.175,0.05,0.05,0.05,0.025,0.025,0.05,0.025,0.075,0.025,0.125
1,0.025,0,0.075,0.175,0.05,0,0.025,0.075,0.1,0.05,0.05,0.025,0.075,0.1,0.075,0.1
1,0.05,0.15,0.025,0.05,0.075,0.075,0.05,0.1,0.075,0,0.05,0.05,0.1,0.05,0.05,0.05
1,0.15,0.025,0.1,0.075,0.025,0.025,0,0.05,0.025,0,0.025,0.125,0.15,0.05,0.025,0.15
1,0.125,0.075,0.1,0.075,0.1,0.05,0.025,0.05,0.075,0.05,0.05,0.025,0.05,0.05,0.025,0.075
1,0.475,0.075,0,0.025,0.05,0.075,0.05,0.025,0.025,0.025,0.025,0.025,0.025,0.025,0.025,0.05
1,0.175,0.025,0,0.15,0.05,0,0.05,0.025,0.025,0.05,0,0.05,0.1,0.05,0.05,0.2
1,0.2,0.1,0,0.075,0.1,0.05,0.05,0.025,0.025,0,0.05,0.1,0.05,0.1,0.05,0.025
1,0.225,0.05,0.1,0.075,0.075,0,0,0.025,0.025,0.025,0.075,0.075,0.125,0.025,0.025,0.075
1,0.05,0.075,0.05,0.1,0.05,0,0.05,0.05,0.05,0,0.075,0.1,0.15,0.05,0.05,0.1
1,0.2,0.05,0.15,0,0.075,0.05,0,0.025,0.025,0.075,0.075,0.1,0.1,0,0.025,0.05
1,0.1,0.025,0.125,0.075,0.05,0.05,0.05,0.05,0.075,0.05,0.025,0.05,0.1,0.075,0.025,0.075
1,0.15,0.075,0.075,0.05,0.125,0.1,0.05,0,0.05,0.075,0.1,0.025,0.05,0,0.025,0.05
1,0.175,0.05,0.075,0.05,0.025,0,0.025,0.05,0.075,0.025,0.05,0.05,0.1,0.025,0.05,0.175
1,0.05,0.05,0.1,0.125,0.075,0.05,0.025,0.05,0.075,0.075,0.05,0.025,0.125,0.025,0.075,0.025
1,0.1,0.125,0.05,0.05,0.075,0,0.025,0.025,0.05,0,0.025,0.125,0.1,0,0.1,0.15
1,0.025,0.125,0.05,0.075,0.125,0.075,0.05,0.025,0.05,0,0.1,0.05,0.075,0.05,0.025,0.1
1,0.025,0.075,0.05,0.125,0.075,0.05,0.05,0,0.025,0.05,0.025,0.025,0.175,0,0,0.25
1,0.075,0.025,0,0.125,0.025,0.025,0,0.125,0.025,0,0.025,0.025,0.075,0.125,0.05,0.275
1,0.05,0.1,0.075,0.05,0.075,0.05,0.05,0.1,0.05,0.1,0.05,0.05,0.075,0.025,0.075,0.025
1,0.325,0.05,0.025,0.15,0.075,0,0.025,0,0.05,0,0.025,0.025,0.1,0.05,0.025,0.075
1,0.075,0.025,0.025,0.05,0.075,0.075,0.075,0.05,0.025,0.025,0.025,0.1,0.025,0.15,0.05,0.15
1,0.025,0.025,0.1,0.075,0.075,0.075,0.1,0.05,0.05,0.125,0.025,0.05,0.075,0.075,0.025,0.05
1,0.075,0.1,0.05,0.025,0.025,0.05,0.1,0.05,0.125,0.025,0.1,0.025,0.025,0.025,0.05,0.15
1,0.075,0.05,0.075,0.025,0.025,0.025,0.1,0.1,0.075,0.075,0.025,0.075,0.05,0.075,0.05,0.1
1,0.1,0,0.025,0.1,0.05,0,0.025,0,0.075,0,0.075,0.075,0.025,0.075,0.075,0.3
1,0.2,0.1,0,0.125,0.075,0,0.075,0.025,0.05,0.05,0.025,0.025,0.1,0.025,0.05,0.075
1,0.025,0.125,0.075,0.075,0.05,0.075,0.075,0.025,0.125,0,0.05,0.05,0.075,0.05,0.025,0.1
1,0.075,0.1,0.075,0.075,0.1,0.175,0.025,0,0.075,0,0.125,0.05,0.05,0.05,0.025,0
1,0.025,0.05,0,0.1,0.075,0.075,0,0.2,0.025,0.05,0,0,0.05,0.175,0.075,0.1
1,0.125,0,0.125,0.05,0.025,0.125,0.05,0,0.15,0.05,0.15,0.025,0.025,0.025,0.025,0.05
1,0.2,0.075,0.05,0.1,0.125,0.125,0,0.025,0,0.025,0.05,0.025,0.1,0.05,0,0.05
1,0.05,0.025,0.05,0.15,0.1,0.05,0.025,0.05,0.075,0,0.025,0.05,0.05,0.125,0.075,0.1
1,0.175,0.05,0.075,0.025,0.05,0.025,0.05,0.05,0.1,0.075,0.05,0.075,0,0.025,0.125,0.05
1,0.175,0.05,0.025,0.075,0.025,0.05,0.075,0.05,0.075,0.05,0,0.075,0.05,0.05,0.1,0.075
1,0.125,0.025,0.05,0.15,0.1,0,0.05,0.025,0.025,0.05,0.1,0.05,0.1,0.125,0,0.025
1,0.275,0.075,0.025,0.075,0.125,0,0.025,0.025,0,0.075,0.15,0.025,0.025,0.05,0.05,0
1,0.175,0.025,0.075,0.075,0.025,0,0.05,0,0.15,0,0.05,0.05,0.025,0.025,0.075,0.2
1,0.225,0.025,0.025,0.1,0.05,0,0.025,0.05,0.075,0.025,0.075,0.025,0.025,0.075,0.075,0.125
1,0.025,0.025,0.05,0.125,0.025,0,0.025,0.05,0.05,0.025,0.025,0.1,0.15,0.05,0.075,0.2
1,0.025,0,0.025,0.05,0.075,0.025,0.05,0.125,0.025,0.05,0.025,0.075,0,0.175,0.075,0.2
1,0.1,0.025,0.075,0.05,0.075,0.125,0.125,0,0.025,0.075,0.025,0.075,0.025,0.1,0,0.1
1,0.075,0.1,0.025,0.1,0.125,0.05,0,0.1,0.025,0.025,0.05,0.025,0.075,0.1,0.05,0.075
1,0.225,0.025,0.1,0.05,0.05,0.075,0,0.05,0,0.075,0.05,0.075,0.125,0,0.075,0.025
1,0.225,0.05,0.15,0.05,0.025,0.05,0.025,0.025,0.175,0.025,0.075,0,0.075,0,0.025,0.025
1,0.075,0.05,0.1,0.075,0.125,0,0.075,0.05,0.05,0.15,0.075,0.025,0.05,0.05,0.05,0
1,0.05,0.075,0.025,0.025,0.05,0.125,0.075,0.1,0,0.1,0.025,0.05,0.075,0.05,0.05,0.125
1,0.025,0.025,0.05,0.125,0.05,0,0.1,0.05,0.075,0.15,0.1,0,0.075,0.025,0.05,0.1
1,0.4,0.025,0.025,0.075,0.1,0,0,0.025,0,0.025,0,0.025,0.05,0.05,0.025,0.175
1,0.075,0.05,0.075,0.05,0.075,0.025,0,0.175,0.05,0.1,0.05,0,0.05,0.075,0.075,0.075
1,0.075,0.1,0,0.075,0.05,0.025,0.025,0.15,0,0,0.025,0.075,0.125,0.125,0.05,0.1
1,0.1,0.1,0.025,0.05,0.1,0.125,0,0.175,0,0,0,0,0.075,0.15,0,0.1
1,0.1,0.05,0.025,0,0.025,0.1,0.075,0.075,0.05,0.075,0.1,0.075,0,0.05,0.1,0.1
1,0.05,0.025,0.025,0.025,0.025,0.025,0.1,0.075,0,0.15,0.075,0.125,0.05,0.025,0.15,0.075
1,0.075,0.1,0.025,0.075,0.1,0.05,0.025,0.05,0,0.05,0.05,0.075,0.1,0.05,0.05,0.125
1,0.125,0.075,0.1,0.05,0.1,0.05,0.05,0.025,0.125,0.05,0.1,0,0,0.05,0.025,0.075
1,0.15,0.025,0,0.075,0.025,0.325,0,0.05,0.05,0,0,0,0.05,0.05,0.05,0.15
1,0.1,0.025,0.1,0.075,0.025,0,0.05,0.025,0.1,0.05,0.175,0.05,0.05,0.025,0.075,0.075
1,0.05,0,0,0.15,0.075,0.15,0.05,0.025,0.025,0.075,0.05,0.075,0.05,0.075,0.125,0.025
1,0.1,0.025,0.075,0.1,0.075,0.075,0.05,0.025,0.1,0.075,0.075,0,0.025,0.025,0.05,0.125
1,0.175,0.025,0.1,0.075,0.05,0.025,0,0.025,0.025,0.025,0.025,0.125,0.125,0.025,0.075,0.1
1,0.1,0.05,0.025,0.075,0.025,0,0.025,0.075,0.05,0,0,0.025,0.075,0.05,0.05,0.375
1,0.1,0.025,0.075,0.05,0,0,0.05,0.05,0.1,0.05,0.175,0.075,0.075,0.025,0.1,0.05
1,0.175,0,0.075,0.05,0.025,0.025,0.125,0,0.1,0.125,0.075,0.05,0,0.025,0.05,0.1
1,0.375,0.075,0.075,0.05,0.075,0.075,0.05,0.025,0.075,0.05,0,0,0.025,0.025,0,0.025
1,0.15,0.05,0.1,0.1,0.1,0.05,0.025,0.025,0.1,0.075,0.05,0,0.075,0.025,0.025,0.05
1,0.175,0.025,0.025,0.15,0.025,0.05,0.025,0.075,0.025,0.075,0.025,0.05,0.15,0.025,0.1,0
1,0.1,0.05,0.075,0.15,0.1,0.025,0.025,0.025,0.025,0,0.025,0.05,0.15,0.075,0,0.125
1,0.05,0.05,0.05,0.05,0.075,0.075,0.1,0.025,0.05,0.1,0.1,0.075,0.025,0.05,0.05,0.075
1,0.075,0.025,0.05,0.1,0.025,0.075,0.05,0,0.1,0.025,0.05,0.075,0.05,0.05,0.075,0.175
1,0.025,0,0.05,0.075,0.025,0.15,0.05,0.05,0.05,0,0.2,0.025,0.025,0.125,0,0.15
1,0,0.05,0.1,0.075,0.025,0.05,0.025,0.125,0.1,0.05,0,0.05,0.075,0.075,0.075,0.125
1,0.05,0.1,0.025,0.075,0.125,0.075,0.05,0,0,0.025,0.075,0.125,0.075,0.025,0.075,0.1
1,0.05,0.075,0.075,0.075,0.05,0.05,0.05,0.075,0.075,0.05,0.1,0.025,0.125,0.025,0.025,0.075
1,0.075,0.025,0.05,0.125,0.075,0.025,0.025,0.1,0.075,0.025,0.025,0.05,0.025,0.175,0.075,0.05
1,0.15,0.075,0,0.05,0.075,0,0.075,0.05,0.025,0.075,0.05,0.025,0.025,0.05,0.05,0.225
1,0.025,0.05,0.125,0.15,0.1,0.025,0,0.025,0.15,0,0.125,0,0.05,0.075,0.025,0.075
1,0.125,0.1,0.025,0.075,0.075,0.1,0.075,0,0.125,0,0.1,0.075,0,0.05,0.075,0
1,0.1,0.05,0.125,0.075,0.1,0.025,0.025,0.05,0.025,0.05,0,0.1,0.125,0.05,0.05,0.05
1,0.175,0.025,0.025,0.225,0,0.05,0,0.05,0.025,0.025,0,0.025,0.225,0.025,0.05,0.075
1,0.025,0.075,0.05,0.075,0.05,0.05,0.05,0.05,0.075,0.025,0.025,0.05,0.075,0.05,0.05,0.225
1,0,0.025,0.05,0.05,0.05,0.05,0.025,0.075,0,0.025,0.125,0.075,0.075,0.1,0.025,0.25
1,0.1,0.075,0.125,0.025,0.075,0.075,0.05,0,0.1,0.05,0.075,0.05,0.05,0,0.05,0.1
1,0.025,0.075,0.05,0.025,0.1,0.05,0.1,0.025,0,0.075,0.025,0.125,0.05,0.075,0.05,0.15
1,0.15,0.025,0.125,0.075,0.025,0,0.05,0,0.175,0.05,0.225,0,0.025,0,0.025,0.05
1,0.1,0.025,0.05,0.075,0,0.05,0.075,0.05,0.05,0.025,0.025,0.075,0.125,0.075,0.025,0.175
1,0,0.025,0.025,0.15,0.05,0.025,0.025,0.05,0.05,0.05,0,0.05,0.1,0.075,0.1,0.225
1,0.025,0.025,0.05,0.1,0,0.05,0.075,0.05,0.05,0.1,0.025,0.05,0.15,0,0.05,0.2
1,0.175,0.025,0.15,0.05,0.025,0.05,0.05,0.025,0.15,0.05,0.025,0.05,0.025,0.025,0.05,0.075
1,0.025,0.05,0.075,0.1,0.025,0.075,0.05,0.025,0.075,0.025,0.025,0.1,0.15,0.025,0.075,0.1
1,0.025,0.025,0.125,0.05,0.025,0.025,0.075,0.075,0.125,0.125,0.075,0.025,0.025,0.025,0.075,0.1
1,0.15,0.075,0.075,0.025,0.075,0.025,0.05,0.05,0.1,0.025,0.175,0.025,0,0.075,0.05,0.025
1,0.025,0.05,0.025,0.075,0.05,0.25,0.075,0.025,0.025,0,0.025,0.075,0.075,0.075,0.025,0.125
1,0.05,0.025,0.025,0.025,0,0.05,0.075,0.05,0.025,0.075,0.075,0.1,0.025,0.025,0.125,0.25
1,0.05,0.025,0.05,0.025,0,0.1,0.05,0.1,0.025,0.025,0.05,0.05,0.075,0.125,0,0.25
1,0.2,0,0.05,0.1,0.025,0,0.05,0.05,0.025,0.05,0.025,0.05,0.1,0.075,0.025,0.175
1,0.225,0,0.075,0.05,0,0.025,0.05,0.025,0.1,0.05,0.1,0.05,0.05,0.025,0.075,0.1
1,0.05,0,0.1,0.15,0.1,0,0.025,0.025,0.125,0.05,0.025,0.05,0.05,0.1,0.1,0.05
1,0.025,0,0,0.15,0.025,0.025,0.075,0.125,0.05,0.1,0.025,0,0.05,0.125,0.075,0.15
1,0.025,0.1,0.1,0,0.05,0.15,0.15,0.025,0.15,0.1,0,0.05,0,0.025,0.05,0.025
1,0.075,0.075,0.05,0.05,0.05,0.025,0.05,0.125,0.075,0.05,0.075,0.05,0.05,0.125,0.05,0.025
1,0.125,0.025,0,0.075,0.025,0.45,0,0.05,0.025,0,0.025,0,0.075,0.05,0.025,0.05
1,0.05,0.05,0.025,0.1,0.075,0.1,0.05,0.125,0.025,0.05,0,0.025,0.1,0.15,0.025,0.05
1,0.05,0.1,0.1,0.025,0.075,0.025,0.025,0.05,0.075,0.05,0.05,0.125,0.075,0.025,0.1,0.05
1,0.05,0.05,0.05,0.075,0.05,0,0.05,0.05,0.05,0.075,0.1,0.075,0.075,0.025,0.075,0.15
1,0.075,0.075,0.075,0.1,0,0.05,0.075,0.075,0.125,0.025,0,0.075,0.15,0.025,0.075,0
1,0.05,0,0.05,0.125,0.05,0.025,0.025,0,0.075,0.025,0.1,0.05,0.075,0.05,0.05,0.25
1,0.2,0.05,0.075,0.05,0.05,0,0.125,0,0.125,0.075,0.1,0.025,0.025,0.05,0,0.05
1,0,0.05,0.025,0,0.025,0.075,0.15,0.05,0.05,0.15,0.15,0.1,0,0.05,0.1,0.025
1,0.1,0.15,0.075,0.025,0.075,0.025,0.075,0.05,0.05,0.025,0.05,0.1,0.1,0.025,0.025,0.05
1,0.1,0.075,0,0.05,0.1,0.1,0.025,0.1,0.025,0.075,0.05,0.025,0.025,0.075,0.075,0.1
1,0.075,0.025,0.05,0.1,0.075,0.225,0,0.025,0.025,0.025,0.025,0.075,0.075,0.075,0.075,0.05
1,0.175,0,0.125,0.075,0.05,0.025,0.025,0,0.075,0.075,0.1,0.075,0.075,0,0.05,0.075
1,0.025,0.025,0.05,0.125,0.05,0.075,0.05,0.1,0.1,0.05,0.025,0,0.075,0.1,0.05,0.1
1,0.025,0.05,0.025,0.05,0.075,0.075,0.025,0.15,0.025,0.05,0.025,0.05,0.025,0.15,0.075,0.125
1,0.05,0.05,0.05,0.125,0.15,0,0,0.025,0.025,0.05,0.1,0.05,0.05,0.05,0.1,0.125
1,0.025,0.05,0,0.1,0.1,0.15,0.05,0.075,0.025,0.05,0.025,0.05,0.025,0.125,0.075,0.075
1,0.125,0.1,0,0.05,0.15,0.175,0,0.1,0,0.025,0.025,0,0,0.125,0.025,0.1
1,0.175,0.075,0.075,0.1,0.1,0,0,0.05,0.1,0.025,0,0.025,0.025,0.05,0.075,0.125
1,0.125,0.075,0.05,0.15,0.075,0.1,0.025,0.025,0.075,0.025,0.1,0,0.1,0.025,0.025,0.025
1,0.075,0.075,0.025,0.025,0.05,0.05,0.075,0.075,0.05,0.075,0.075,0.1,0.025,0.075,0.1,0.05
1,0,0.05,0.1,0.1,0.075,0.025,0.025,0.05,0.1,0.075,0.05,0.05,0.075,0.025,0.1,0.1
1,0.3,0.05,0.025,0.075,0.075,0.075,0.025,0.05,0.05,0.025,0,0.05,0.025,0.075,0.075,0.025
1,0.05,0.05,0.1,0.05,0.05,0.125,0.075,0.05,0.05,0.075,0.1,0.075,0.075,0.05,0.025,0
1,0,0.075,0.075,0.025,0.025,0.15,0.05,0.125,0.125,0.025,0.025,0.025,0.025,0.1,0.075,0.075
1,0.175,0.05,0.025,0.025,0.05,0.075,0.05,0.125,0.025,0.05,0.025,0.05,0.025,0.1,0.05,0.1
1,0.1,0.1,0.05,0.075,0.125,0.05,0.1,0,0.075,0.025,0.05,0.05,0.025,0.075,0.025,0.075
1,0.1,0.025,0.075,0.075,0.025,0.075,0.025,0.075,0.075,0.05,0.025,0.05,0.075,0.05,0.075,0.125
1,0.325,0,0.125,0.025,0.025,0.025,0.075,0,0.125,0.075,0.05,0,0.025,0.025,0,0.1
1,0.1,0.075,0.05,0.05,0.05,0.075,0.025,0.075,0.075,0.05,0.075,0.025,0.025,0.025,0.1,0.125
1,0.05,0.05,0.025,0.05,0.05,0.025,0.05,0.125,0.05,0.05,0.05,0,0.05,0.125,0.025,0.225
1,0.025,0.075,0.1,0.05,0.1,0.1,0.05,0,0.05,0.025,0.1,0.125,0.075,0.025,0.05,0.05
1,0.05,0.025,0.2,0.05,0,0.025,0.1,0.025,0.225,0.1,0.025,0,0.05,0,0.025,0.1
1,0,0.075,0.075,0.025,0.05,0.125,0.1,0.025,0.05,0,0.075,0.15,0.05,0.1,0.025,0.075
1,0.025,0.025,0.1,0.05,0.075,0.125,0.075,0.075,0.075,0.025,0.025,0.075,0.025,0.175,0,0.05
1,0.075,0.075,0.05,0.075,0.075,0.075,0.075,0.05,0.075,0.1,0,0.075,0.075,0.025,0.1,0
1,0.125,0.025,0.025,0.15,0.025,0.05,0,0.125,0.025,0.025,0,0,0.15,0.1,0.025,0.15
1,0.3,0.075,0.075,0.025,0.05,0,0.025,0.05,0.075,0.075,0.025,0.075,0.05,0,0.1,0
1,0.075,0.025,0.075,0.05,0.05,0.1,0,0.075,0,0.075,0.125,0.075,0.125,0.025,0.05,0.075
1,0.15,0.05,0.125,0.05,0.1,0.1,0.025,0.025,0.075,0.075,0.075,0.025,0.025,0.025,0.025,0.05
1,0.125,0.025,0.025,0.1,0.05,0.075,0.05,0.05,0,0.05,0,0.075,0.1,0.075,0.05,0.15
1,0.125,0.05,0.075,0.05,0.075,0.025,0.025,0.05,0.075,0.05,0.075,0.05,0.025,0.05,0.075,0.125
1,0.075,0.05,0.125,0.025,0.05,0.05,0.025,0.075,0.1,0.05,0.125,0.075,0.075,0.05,0.05,0
1,0,0.075,0.05,0.025,0.05,0.075,0.075,0.025,0.025,0.05,0.225,0.1,0.075,0.025,0.075,0.05
1,0.15,0.15,0,0.125,0.05,0.125,0,0.075,0,0,0,0,0.225,0,0,0.1
1,0.075,0.05,0.025,0.125,0.075,0.1,0.05,0.025,0.025,0,0,0.1,0.1,0.075,0.05,0.125
1,0.15,0.025,0.05,0.15,0.025,0,0,0.125,0.05,0.05,0,0,0.175,0.075,0.05,0.075
1,0,0.075,0.05,0.075,0.125,0.1,0.075,0.05,0.05,0.075,0.05,0.05,0.025,0.1,0.05,0.05
1,0.125,0.05,0.125,0.075,0.05,0,0.025,0.025,0.125,0.05,0.05,0.025,0.05,0.025,0.05,0.15
1,0.075,0.175,0,0.025,0.1,0.175,0.05,0.1,0.1,0,0.025,0,0.025,0.075,0.025,0.05
1,0.05,0,0.075,0.05,0.05,0,0.125,0,0.05,0.125,0.05,0.075,0.05,0.05,0.05,0.2
1,0.05,0,0.075,0.1,0.025,0,0.025,0,0.075,0,0.1,0.15,0.075,0.05,0.1,0.175
1,0.225,0.05,0.05,0.075,0.025,0.05,0.075,0.025,0.025,0.05,0.05,0.075,0.125,0.05,0.025,0.025
1,0.15,0.05,0.075,0.025,0.025,0.025,0.075,0.025,0.075,0.075,0.075,0.1,0.05,0,0.075,0.1
1,0.05,0.025,0.025,0.125,0.05,0.075,0.05,0.025,0.025,0.05,0.1,0.075,0.075,0.05,0.1,0.1
1,0.15,0.075,0.025,0.05,0.075,0.075,0.1,0.025,0.075,0.1,0.075,0.025,0.025,0.025,0.075,0.025
1,0.1,0.125,0.025,0.05,0.075,0.05,0,0.125,0.075,0,0.05,0.025,0.05,0.075,0.075,0.1
1,0.025,0.075,0,0.125,0.075,0,0.1,0.075,0.1,0,0.025,0.075,0.025,0.15,0.075,0.075
1,0.05,0.025,0.1,0.075,0.025,0,0.025,0.025,0.075,0,0.125,0.175,0.1,0.05,0.125,0.025
1,0,0.075,0.1,0.05,0.05,0.075,0.075,0.05,0.1,0.05,0.05,0.1,0.1,0.05,0.075,0
1,0.325,0.125,0.075,0.025,0.1,0.075,0.05,0.025,0.075,0.05,0.025,0,0.05,0,0,0
1,0.05,0,0,0.05,0,0.075,0.15,0.1,0.025,0.1,0.1,0.075,0.025,0.15,0.025,0.075
1,0.15,0.075,0.075,0.05,0.025,0.075,0.05,0.075,0.125,0.05,0.025,0.05,0.05,0.025,0.1,0
1,0.025,0.05,0.025,0.075,0.075,0.075,0.025,0.125,0.05,0,0.05,0.075,0.025,0.175,0.05,0.1
1,0,0.025,0.05,0.05,0.025,0.1,0.125,0.025,0.075,0.075,0.125,0.1,0.025,0.075,0.075,0.05
1,0.15,0.075,0.125,0,0.075,0.125,0.075,0.025,0.15,0.075,0.05,0.025,0,0.025,0.025,0
1,0.2,0.075,0.025,0.075,0.05,0.025,0.075,0.05,0.075,0.05,0,0.025,0.05,0.025,0.075,0.125
1,0.2,0.05,0.075,0.075,0.1,0.025,0,0.05,0.05,0.05,0.025,0.025,0.05,0.05,0.05,0.125
1,0.125,0.025,0.075,0.075,0.025,0.05,0.05,0.025,0.125,0.025,0.05,0.075,0.025,0.075,0.1,0.075
1,0.1,0.025,0.1,0.075,0.1,0.1,0.025,0.025,0.075,0.05,0.025,0.025,0.025,0.075,0.025,0.15
1,0.025,0.025,0,0,0,0.075,0.1,0.125,0.025,0.075,0.075,0.125,0,0.1,0.125,0.125
1,0.025,0.025,0.1,0.15,0.075,0,0.025,0.025,0.125,0.05,0.15,0.025,0.075,0.05,0.05,0.05
1,0.275,0.125,0.025,0.05,0.05,0.05,0.075,0.025,0.1,0.025,0,0.025,0.075,0,0.05,0.05
1,0.025,0.05,0.1,0.075,0.075,0.075,0.05,0.025,0.075,0.025,0.05,0.1,0.075,0.075,0.025,0.1
1,0.175,0,0.125,0.125,0.075,0.025,0,0.05,0.075,0.075,0.05,0,0.1,0.025,0.05,0.05
1,0,0.025,0.075,0.05,0,0.025,0.025,0.025,0.175,0,0.25,0.1,0,0.025,0.175,0.05
1,0.075,0.05,0.05,0.05,0.025,0.1,0,0.1,0,0.05,0.125,0.05,0.1,0.025,0.075,0.125
1,0.125,0.075,0.075,0.075,0.1,0,0,0.075,0,0.075,0.1,0.05,0.125,0.025,0.05,0.05
1,0.15,0.075,0.075,0.15,0.075,0,0,0.05,0.125,0.025,0,0,0.1,0.05,0.05,0.075
1,0.05,0.025,0.075,0.025,0.025,0.125,0.075,0.075,0.075,0.125,0.125,0.05,0.025,0,0.1,0.025
1,0.125,0.125,0.075,0.05,0.025,0,0.1,0.05,0.1,0.05,0.05,0.05,0.1,0,0.05,0.05
1,0.025,0.075,0,0.125,0.1,0.025,0.05,0.075,0,0.025,0,0.025,0.1,0.125,0,0.25
1,0.025,0.025,0.075,0.1,0.075,0.125,0.075,0.025,0.075,0.125,0.1,0,0.05,0.025,0.05,0.05
1,0.1,0.05,0.075,0.05,0.1,0.125,0.05,0.075,0.05,0.05,0.025,0.05,0.025,0.125,0,0.05
1,0.125,0.025,0.125,0.05,0.125,0.15,0.025,0.025,0.05,0.15,0.075,0,0,0.025,0.05,0
1,0.1,0.05,0.025,0.075,0.05,0.05,0.125,0.025,0.05,0,0,0.1,0.05,0.15,0.025,0.125
1,0,0.05,0.125,0.025,0.025,0.05,0.075,0.05,0.075,0.05,0.05,0.075,0.075,0.05,0.025,0.2
1,0.275,0.1,0.05,0.025,0.05,0.125,0.05,0.025,0.1,0,0.025,0.025,0.05,0.025,0,0.075
1,0.15,0.025,0.025,0.125,0.1,0,0.025,0,0.075,0,0.125,0.05,0,0.075,0.075,0.15
1,0.15,0.075,0.1,0.075,0.05,0.1,0.025,0.05,0.05,0.05,0.025,0.05,0.15,0,0.025,0.025
1,0.1,0.075,0.075,0.1,0.125,0.025,0.05,0,0.075,0.025,0.025,0.025,0.075,0.075,0,0.15
1,0.05,0.1,0.05,0.075,0.15,0.125,0.05,0,0.075,0.05,0.1,0.025,0,0.075,0.025,0.05
1,0.15,0.025,0.125,0.025,0.075,0.1,0.025,0.05,0.075,0.05,0.025,0.05,0.025,0.075,0.025,0.1
1,0.05,0.05,0.075,0.125,0.075,0.05,0.075,0.025,0.075,0,0.025,0.1,0.075,0.125,0.05,0.025
1,0.05,0.075,0,0.1,0.05,0.025,0.075,0.075,0.075,0.025,0.025,0.025,0.05,0.1,0.075,0.175
1,0.075,0.025,0.05,0.1,0.075,0.05,0.025,0.025,0.025,0,0.05,0.1,0.075,0.1,0.05,0.175
1,0.125,0.05,0.05,0.1,0.1,0.025,0,0.025,0,0.025,0.05,0.05,0.1,0.05,0.025,0.225
1,0.125,0.125,0.025,0,0.05,0.1,0.05,0.075,0.075,0.075,0.175,0,0.025,0,0.05,0.05
1,0,0.025,0.05,0.075,0.05,0.075,0.075,0.075,0.05,0.125,0.075,0.025,0.05,0.05,0.1,0.1
1,0.15,0.025,0.025,0.075,0.025,0.025,0.025,0.075,0.025,0.025,0.05,0.075,0.075,0.075,0.1,0.15
1,0,0.075,0.05,0.075,0.075,0.025,0.05,0.075,0.025,0.05,0.1,0.075,0.1,0.075,0.025,0.125
1,0.075,0.025,0.1,0.125,0.1,0.025,0,0.025,0.1,0.025,0.075,0.025,0.05,0.075,0.05,0.125
1,0.075,0.025,0.05,0.1,0.025,0.075,0.025,0.1,0.025,0.05,0,0.1,0.1,0.1,0.1,0.05
1,0.05,0,0,0.125,0,0.1,0.075,0.05,0.05,0.05,0,0.05,0.1,0.075,0.05,0.225
1,0.05,0.025,0.125,0.05,0.075,0.025,0.05,0.025,0.1,0.1,0.1,0.05,0.025,0.025,0.1,0.075
1,0.15,0.075,0.05,0.075,0.125,0,0.05,0,0.025,0.075,0.05,0.075,0.025,0.025,0.075,0.125
1,0.25,0.05,0.05,0.05,0.05,0.025,0.025,0.075,0.05,0.05,0.025,0.025,0.075,0.05,0.05,0.1
1,0.05,0.125,0.05,0.1,0.05,0,0.05,0.1,0.125,0.025,0.05,0.05,0.075,0.05,0.1,0
1,0.2,0.075,0,0.2,0.075,0.025,0.025,0,0.05,0.025,0.025,0.025,0.15,0,0.05,0.075
1,0.25,0.05,0.1,0.1,0.05,0,0.025,0.025,0.05,0,0.025,0.075,0.125,0.05,0.025,0.05
1,0.175,0.05,0.025,0.075,0.1,0,0,0.1,0.025,0.05,0,0.025,0.025,0.125,0.05,0.175
1,0.1,0.075,0.075,0.025,0.05,0,0.075,0.075,0.1,0.075,0.05,0.075,0.05,0.05,0.075,0.05
1,0.05,0.025,0.05,0.075,0.025,0.05,0.025,0.075,0.05,0.05,0.1,0.075,0.05,0.05,0.1,0.15
1,0.05,0.125,0.05,0,0.075,0.15,0.125,0.025,0.05,0.075,0.025,0.1,0.05,0.05,0.025,0.025
1,0.05,0,0.1,0.05,0.05,0.025,0.025,0.05,0.1,0.075,0.075,0.125,0,0.05,0.175,0.05
1,0.225,0.025,0.025,0.15,0.05,0.075,0,0.075,0.05,0.05,0.025,0,0.1,0.05,0.075,0.025
1,0,0.1,0.075,0.05,0.1,0.125,0.05,0.1,0.125,0.025,0.05,0.025,0,0.125,0.025,0.025
1,0.1,0.1,0.075,0.05,0.05,0.025,0.075,0.05,0.075,0.025,0.125,0.05,0.075,0.05,0.025,0.05
1,0.05,0.075,0.05,0.075,0.05,0.075,0.05,0.075,0.05,0,0.075,0.1,0.075,0.1,0.05,0.05
1,0.05,0.05,0.05,0,0.05,0.275,0.075,0.1,0.05,0.1,0.1,0,0.025,0.05,0.025,0
1,0.05,0.1,0.025,0.125,0.1,0,0.025,0.125,0.025,0,0,0.025,0.125,0.15,0.025,0.1
1,0.125,0.125,0.075,0.05,0.1,0.05,0.075,0.025,0.125,0.05,0.025,0.05,0.025,0.025,0.05,0.025
1,0.1,0.075,0.05,0.025,0.075,0.05,0.05,0.075,0,0.075,0.075,0.05,0.05,0.05,0.05,0.15
1,0.2,0.025,0.025,0.1,0,0.025,0.025,0.075,0.075,0.025,0.025,0.05,0.1,0.05,0.075,0.125
1,0.075,0.075,0.025,0.075,0.05,0.025,0.025,0.15,0.025,0.075,0,0.025,0.125,0.075,0.05,0.125
1,0.025,0.05,0.05,0.05,0.075,0.05,0.075,0.075,0.1,0.075,0.075,0.075,0,0.075,0.125,0.025
1,0,0.05,0.025,0.075,0.025,0.125,0.025,0.075,0.05,0.025,0.075,0.125,0.075,0.05,0.15,0.05
1,0.2,0.075,0.125,0,0.075,0.075,0.05,0.05,0.05,0.1,0.1,0.025,0.05,0,0.025,0
1,0.125,0.1,0.025,0.05,0.05,0.025,0.025,0.125,0.05,0.025,0,0.025,0.075,0.075,0.05,0.175
1,0.05,0.1,0.15,0,0.05,0.05,0.125,0.05,0.15,0.075,0.025,0.025,0.05,0.05,0,0.05
1,0.05,0.025,0.025,0.1,0.05,0.025,0.125,0,0.1,0.1,0.1,0.05,0,0.05,0.1,0.1
1,0.125,0.025,0.125,0.1,0.075,0,0,0,0.1,0.05,0.05,0.025,0.075,0,0.05,0.2
1,0.175,0.025,0.2,0.075,0.025,0,0,0.025,0.15,0,0,0.05,0.125,0.025,0,0.125
1,0,0.05,0.025,0.075,0.075,0.025,0.075,0.075,0,0.1,0.1,0.075,0.075,0.075,0.075,0.1
1,0.025,0.05,0.075,0,0.05,0.025,0.025,0.125,0.025,0,0.025,0.1,0.05,0.15,0.05,0.225
1,0.025,0.075,0.025,0,0.1,0,0.2,0.05,0.025,0.15,0.025,0.075,0,0.125,0,0.125
1,0.075,0.05,0,0.05,0.05,0.075,0.025,0.075,0,0,0,0.075,0.05,0.125,0.025,0.325
1,0.125,0.05,0.125,0.05,0.05,0.075,0.025,0.075,0.1,0.075,0,0.025,0.1,0.025,0.05,0.05
1,0.25,0.125,0.025,0.025,0.1,0.125,0.05,0.05,0.075,0.05,0.025,0,0.025,0.025,0.05,0
1,0.4,0.1,0.025,0,0.05,0.025,0.075,0,0.05,0.025,0.1,0.05,0.025,0,0.025,0.05
1,0.075,0.05,0.05,0.025,0.025,0.05,0.025,0.05,0.05,0.025,0.2,0.15,0.025,0.025,0.175,0
1,0.1,0.075,0.05,0.05,0.1,0.075,0.05,0.025,0.075,0.075,0.1,0.05,0.025,0.025,0.1,0.025
1,0,0,0.025,0.1,0.025,0.025,0.05,0.1,0.05,0,0.05,0.125,0.05,0.15,0.125,0.125
1,0.2,0.05,0.025,0.075,0.05,0.15,0.025,0.05,0.025,0.025,0,0.025,0.05,0.075,0.025,0.15
1,0.125,0.075,0.025,0.05,0.1,0.125,0.05,0.05,0.025,0.075,0.1,0.05,0.025,0.075,0.05,0
1,0.125,0.025,0.075,0.025,0,0.05,0.125,0.05,0.1,0.025,0.05,0.075,0.025,0.1,0.025,0.125
1,0.275,0.075,0.025,0.1,0.05,0.025,0.05,0.025,0.075,0,0.025,0.075,0.1,0.025,0.075,0
1,0,0.05,0.05,0.075,0.075,0.075,0.025,0.125,0.025,0,0.025,0.075,0.075,0.175,0.025,0.125
1,0.05,0.1,0.05,0.05,0.1,0.05,0.05,0.05,0.075,0.05,0.05,0.05,0.025,0.075,0.075,0.1
1,0,0.05,0.025,0.075,0,0,0.05,0.075,0.1,0.075,0.1,0.075,0.05,0.025,0.175,0.125
1,0.1,0.05,0.225,0,0.125,0.05,0.025,0.05,0.125,0.1,0.025,0.025,0.025,0.025,0.025,0.025
1,0.075,0.1,0.025,0.125,0.125,0.075,0.025,0.025,0.05,0.05,0.025,0.05,0.075,0.025,0.1,0.05
1,0.2,0.125,0.05,0.075,0.075,0.025,0.025,0.075,0.05,0.025,0,0.025,0.15,0.025,0,0.075
1,0.225,0.1,0.05,0.1,0.15,0.05,0,0.025,0.025,0.025,0.025,0,0.1,0.05,0,0.075
1,0.125,0,0.05,0.075,0.025,0.025,0.025,0.05,0,0.075,0.05,0.125,0.1,0.025,0.15,0.1
1,0.075,0.1,0.025,0.075,0.1,0.025,0.075,0.1,0.025,0.075,0.025,0.05,0.05,0.125,0.05,0.025
1,0.05,0.05,0.05,0.1,0.075,0.075,0.025,0.075,0.05,0,0,0.1,0.075,0.125,0.075,0.075
1,0.05,0.025,0.075,0.025,0,0.025,0.1,0.025,0.075,0.075,0.2,0.1,0.05,0.05,0.075,0.05
1,0.075,0.075,0.05,0.125,0.075,0.075,0,0.025,0.05,0.025,0.05,0.05,0.15,0,0.075,0.1
1,0.075,0.075,0.125,0.025,0.1,0.075,0.05,0.075,0.05,0.1,0.1,0.025,0.075,0.05,0,0
1,0.075,0,0,0.075,0.075,0.05,0.075,0,0,0.1,0.1,0.075,0.025,0.05,0.1,0.2
1,0.025,0.1,0.025,0.05,0.1,0.075,0.025,0.025,0.025,0.075,0.175,0.075,0.05,0,0.125,0.05
1,0.2,0.05,0.075,0.125,0.025,0.05,0,0.05,0.125,0,0,0.05,0.125,0,0.1,0.025
1,0.1,0.05,0.025,0.05,0.025,0.05,0.1,0.075,0.05,0.075,0.1,0.075,0.075,0.05,0.075,0.025
1,0.125,0.05,0.075,0.075,0.05,0.1,0,0.075,0.05,0.025,0.05,0.05,0.1,0.025,0.075,0.075
1,0.1,0.025,0.125,0.075,0.05,0.025,0,0.05,0.15,0.025,0.075,0.075,0.025,0.05,0.125,0.025
1,0.075,0,0.075,0.05,0.025,0.025,0.025,0.05,0.05,0.1,0.075,0.1,0.05,0,0.125,0.175
1,0.05,0.075,0.125,0.025,0.05,0.025,0.1,0.075,0.15,0.05,0.025,0.05,0.05,0.1,0.025,0.025
1,0.125,0.075,0.075,0.025,0.075,0.1,0.075,0.025,0.025,0.075,0.025,0.075,0.075,0.025,0.025,0.1
1,0.075,0.025,0.1,0.05,0.025,0.075,0.05,0.025,0.15,0.025,0.05,0.1,0,0.05,0.15,0.05
1,0.05,0.075,0.05,0.05,0.025,0.125,0.05,0.025,0.075,0.025,0.125,0.05,0.075,0.025,0.025,0.15
1,0.1,0.025,0.075,0.1,0.025,0.1,0.1,0.025,0.1,0.075,0.05,0.025,0.05,0.075,0.025,0.05
1,0.05,0.075,0.05,0.1,0.125,0.025,0.075,0.025,0.05,0.1,0.075,0,0.05,0.075,0.025,0.1
1,0.175,0.1,0.05,0.05,0.05,0.025,0.05,0.075,0.025,0.05,0.025,0.025,0.1,0.05,0,0.15
1,0.025,0.05,0.075,0.05,0.075,0.075,0.025,0.125,0.075,0.075,0.025,0.05,0.025,0.125,0.075,0.05
1,0.025,0,0.075,0,0.05,0.075,0.075,0.05,0,0.05,0.1,0.175,0,0.125,0.075,0.125
1,0,0.1,0.025,0.05,0.05,0.125,0.05,0.1,0.05,0.05,0,0.05,0.075,0.05,0.075,0.15
1,0.2,0.075,0,0.125,0.125,0.05,0,0.075,0.025,0.025,0,0,0.05,0.1,0.025,0.125
1,0.175,0.05,0.175,0,0.075,0.05,0.05,0,0.075,0.05,0,0.1,0.05,0.05,0,0.1
1,0.025,0.075,0.05,0.05,0.1,0.175,0.025,0.125,0.025,0.075,0.025,0.025,0.075,0.1,0.025,0.025
1,0.2,0.05,0,0.125,0.1,0.125,0.075,0,0.05,0.025,0,0.025,0.05,0.1,0.025,0.05
1,0.1,0.075,0.05,0.125,0.1,0.1,0,0.1,0,0.025,0,0.025,0.125,0.1,0,0.075
1,0.05,0.075,0.025,0.05,0.05,0.025,0.125,0.025,0.075,0.075,0.05,0.1,0.05,0.05,0.1,0.075
1,0.175,0.1,0.125,0.075,0.1,0.025,0.05,0,0.15,0.025,0.025,0.05,0.025,0.025,0.05,0
1,0.15,0.05,0.1,0.05,0.025,0,0.075,0.05,0.125,0.05,0.05,0.05,0.075,0.025,0.05,0.075
1,0.1,0.05,0.05,0.1,0.075,0,0.05,0.025,0.1,0.025,0.075,0.05,0.05,0.075,0.075,0.1
1,0.15,0.05,0.2,0.05,0.1,0,0,0.025,0.125,0.075,0.075,0.025,0.075,0,0.025,0.025
1,0.125,0.05,0.15,0.075,0.075,0,0.025,0,0.15,0.025,0.125,0.025,0.05,0.025,0.025,0.075
1,0.1,0.1,0.075,0.1,0.075,0.05,0,0.075,0.125,0.025,0,0.025,0.075,0.025,0.1,0.05
1,0.1,0.025,0,0.075,0.1,0.3,0.025,0.1,0,0.05,0,0,0.025,0.125,0.025,0.05
1,0.1,0.05,0.075,0.05,0.025,0.05,0.05,0.1,0.075,0.05,0.1,0.05,0.075,0.075,0.025,0.05
1,0.05,0.075,0.025,0.1,0.1,0.2,0.05,0.05,0.05,0.025,0,0.025,0.075,0.075,0.025,0.075
1,0,0.15,0.05,0,0.1,0.05,0.075,0.1,0.075,0.05,0.125,0.025,0.05,0.075,0.025,0.05
1,0,0.05,0.025,0.125,0.15,0.025,0.05,0.05,0.05,0.075,0.05,0.05,0,0.125,0.1,0.075
1,0.025,0.075,0.025,0.05,0.05,0.05,0.025,0.125,0.075,0.05,0,0.1,0,0.075,0.175,0.1
1,0.15,0.025,0.075,0.125,0.05,0,0.075,0.025,0.075,0.1,0.075,0.025,0.075,0.025,0.075,0.025
1,0.225,0,0.075,0.05,0,0.075,0.05,0.05,0.075,0.075,0.075,0.05,0.075,0.025,0.05,0.05
1,0.1,0.075,0.05,0.075,0.05,0.05,0.05,0.05,0.1,0,0.1,0.025,0.05,0.075,0.025,0.125
1,0.075,0.1,0.05,0.05,0.1,0.075,0.025,0.075,0.075,0.05,0.075,0.025,0.025,0.075,0.05,0.075
1,0.075,0.2,0.1,0.05,0.225,0.025,0.025,0.05,0.05,0.05,0.025,0,0.05,0.05,0,0.025
1,0.075,0.075,0.025,0.075,0.125,0.05,0.025,0.075,0.025,0.025,0.025,0.075,0.025,0.1,0.075,0.125
1,0.125,0.075,0.025,0.05,0.05,0.175,0.025,0.05,0.025,0.025,0.05,0,0.075,0.025,0.025,0.2
1,0.2,0.125,0,0,0.025,0.05,0.15,0.025,0.075,0.05,0.075,0.1,0.025,0.025,0.075,0
1,0.225,0.125,0.05,0.05,0.1,0,0.025,0.1,0.05,0,0.05,0.025,0.05,0.1,0,0.05
1,0.4,0.075,0.05,0.05,0.1,0.05,0.025,0,0.025,0.025,0.05,0.025,0.025,0.025,0.025,0.05
1,0.1,0.05,0.05,0.1,0.125,0.025,0.075,0.025,0.075,0.05,0.075,0,0.025,0.125,0,0.1
1,0.075,0.025,0.025,0.1,0.05,0.1,0.125,0.05,0.05,0.075,0.05,0.05,0.05,0.125,0.025,0.025
1,0.075,0.05,0.075,0,0.1,0.075,0.075,0.05,0,0.125,0.1,0.075,0.025,0.05,0.05,0.075
1,0.05,0.025,0.1,0.075,0,0,0.075,0.05,0.05,0.05,0.15,0.075,0.15,0.05,0,0.1
1,0.15,0.025,0.125,0.075,0,0,0,0.05,0.05,0,0.05,0.1,0.175,0.025,0.025,0.15
1,0.2,0.05,0.025,0.075,0.075,0,0,0.075,0.075,0.075,0.025,0.05,0,0.025,0.175,0.075
1,0.175,0.05,0.1,0.1,0.05,0.025,0.025,0.025,0.125,0.025,0.025,0,0.1,0.025,0.025,0.125
1,0.1,0.1,0,0.15,0.1,0.05,0,0.025,0,0,0.125,0.075,0.15,0.025,0.05,0.05
1,0.25,0,0.075,0.1,0.025,0,0,0,0.075,0,0.025,0.125,0.05,0.025,0.125,0.125
1,0.125,0.05,0.125,0.025,0.075,0,0.05,0.025,0.05,0.05,0.075,0.15,0.05,0.05,0.1,0
1,0.175,0.075,0.05,0.1,0.075,0.025,0.025,0.05,0.05,0.025,0.05,0,0.1,0.075,0,0.125
1,0.1,0.075,0.075,0.1,0.125,0.1,0.025,0.075,0.025,0.1,0,0,0.075,0.05,0.05,0.025
1,0.025,0.05,0.075,0.05,0.05,0,0.125,0,0.075,0.125,0.225,0.075,0.05,0.025,0.05,0
1,0.075,0.1,0.05,0.1,0.1,0.05,0.025,0.05,0.05,0.025,0.075,0.05,0.1,0.075,0.025,0.05
1,0.075,0.075,0.1,0.075,0.075,0.025,0.05,0,0.15,0.025,0.1,0.075,0.025,0.025,0.075,0.05
1,0.15,0.05,0.1,0.05,0.075,0.075,0,0.05,0.05,0.05,0.075,0.05,0.075,0.05,0.05,0.05
1,0.1,0.025,0.125,0.075,0.025,0.05,0.05,0.075,0.1,0.1,0.05,0,0.1,0.025,0.025,0.075
1,0.225,0.075,0.075,0.05,0.125,0.075,0,0.025,0.05,0.025,0.025,0.05,0.025,0.05,0.05,0.075
1,0.1,0.125,0.025,0.125,0.125,0.025,0,0.1,0.025,0,0.025,0.025,0.125,0.1,0.025,0.05
1,0.1,0.075,0.025,0.125,0.075,0.025,0.025,0.075,0.05,0.025,0.125,0,0.075,0.075,0.025,0.1
1,0.125,0.125,0.025,0.05,0.075,0.125,0.05,0.05,0,0,0.025,0.1,0.125,0.075,0.025,0.025
1,0.2,0.05,0.05,0.075,0.05,0.05,0.025,0.025,0.075,0,0.05,0.075,0.075,0.05,0.05,0.1
1,0.075,0.075,0.025,0.075,0.025,0.05,0.05,0.05,0.05,0.025,0.3,0.025,0.075,0.025,0.025,0.05
1,0.3,0.05,0.025,0.15,0.05,0,0.025,0.025,0.025,0,0,0.025,0.15,0.05,0,0.125
1,0.05,0.025,0.05,0.175,0.125,0.1,0.025,0.025,0.05,0.025,0.025,0.05,0.1,0.125,0.025,0.025
1,0.125,0.025,0.05,0.125,0.075,0.075,0,0.075,0.05,0.025,0,0,0.075,0.1,0.025,0.175
1,0.025,0.025,0.025,0.05,0.025,0.15,0.125,0.075,0.025,0.075,0.05,0.075,0.05,0.1,0.05,0.075
1,0.1,0.125,0.05,0.05,0.05,0.025,0.025,0.075,0.1,0.05,0.125,0.025,0.05,0,0.1,0.05
1,0.05,0,0.075,0.05,0,0.025,0.075,0.05,0.05,0.075,0.1,0.15,0.075,0.05,0.1,0.075
1,0.175,0.05,0.05,0.05,0.1,0.05,0.05,0.05,0.05,0.1,0.025,0,0,0.025,0.05,0.175
1,0.05,0.025,0.075,0.025,0,0.025,0.125,0.05,0.15,0.1,0.05,0.1,0,0.05,0.125,0.05
1,0.075,0.1,0.125,0.075,0.1,0,0.075,0,0.125,0.05,0.025,0.075,0.1,0.025,0.025,0.025
1,0,0.125,0.05,0,0.15,0.225,0.05,0.1,0,0.1,0.025,0.025,0.025,0.075,0.025,0.025
1,0.275,0,0.05,0.075,0,0,0.025,0.05,0.125,0.075,0.025,0.025,0.025,0,0.125,0.125
1,0.1,0,0.05,0.075,0.05,0.1,0.1,0.025,0.05,0.125,0.1,0.05,0.025,0.05,0.075,0.025
1,0.075,0.05,0.05,0.1,0.05,0.1,0,0.125,0.075,0.025,0,0.025,0.075,0.1,0.05,0.1
1,0.2,0.075,0,0.05,0.025,0.075,0.15,0.025,0.075,0.125,0.075,0.025,0.05,0,0.05,0
1,0.125,0.05,0.025,0.125,0.025,0.025,0,0.125,0.075,0,0,0.025,0.075,0.125,0.075,0.125
1,0.125,0,0.125,0.05,0.025,0,0.1,0,0.1,0.125,0.1,0.075,0.075,0,0.075,0.025
1,0.15,0.075,0.025,0.05,0.025,0,0.025,0.05,0.075,0.025,0.15,0.025,0.075,0,0.05,0.2
1,0.125,0.05,0,0.125,0.075,0,0.025,0.025,0.025,0.025,0.05,0.025,0.075,0.025,0.05,0.3
1,0.225,0.025,0.075,0.025,0,0.025,0.05,0,0.125,0,0.075,0.125,0.025,0.025,0.1,0.1
1,0.075,0.125,0.025,0.05,0.1,0.05,0.025,0.125,0,0.05,0.075,0.075,0.075,0.075,0.075,0
1,0.075,0.025,0.075,0.075,0.025,0.05,0,0.05,0.025,0,0.075,0.125,0.1,0.075,0.075,0.15
1,0.025,0.025,0.175,0.075,0.075,0,0,0,0.125,0.025,0.05,0.15,0.05,0.025,0.125,0.075
1,0.2,0.05,0.025,0.05,0.025,0.05,0.075,0.025,0.025,0.05,0.05,0.075,0.075,0.025,0.025,0.175
1,0.075,0.1,0.05,0.05,0.075,0.075,0.125,0,0.1,0.075,0.1,0.05,0.025,0.025,0.05,0.025
1,0.075,0.075,0.1,0.025,0.075,0.075,0.1,0,0.1,0.1,0.025,0.075,0.025,0.025,0.075,0.05
1,0.05,0.025,0.05,0.1,0.05,0.05,0.05,0.05,0.075,0.05,0.1,0.1,0.05,0.075,0.1,0.025
1,0.175,0.025,0.025,0.075,0.025,0.025,0.075,0.1,0.075,0.025,0,0.05,0.05,0.125,0.05,0.1
1,0.1,0,0.05,0.125,0.075,0.1,0.05,0.025,0.075,0.075,0.05,0,0.025,0.1,0.05,0.1
1,0.125,0.1,0.05,0.05,0.025,0.1,0.1,0.05,0.125,0,0.05,0.05,0.05,0.075,0.025,0.025
1,0.4,0.025,0.025,0.075,0.025,0.025,0.05,0.05,0.05,0.05,0,0,0.05,0.05,0.025,0.1
1,0.2,0.05,0.075,0.1,0.025,0,0.05,0.05,0.1,0.025,0.05,0.025,0.125,0.025,0.025,0.075
1,0.025,0.025,0.075,0.05,0.05,0.05,0.025,0.1,0.05,0.05,0.075,0.075,0.025,0.125,0.075,0.125
1,0,0.075,0.05,0.075,0.1,0.025,0.05,0.025,0.05,0.05,0.125,0.075,0.05,0.05,0.05,0.15
1,0.025,0,0.075,0.075,0.075,0.1,0.05,0,0.025,0.075,0.075,0.1,0.05,0.075,0.075,0.125
1,0.1,0.05,0.05,0.1,0.1,0.075,0,0.05,0.025,0.05,0,0.075,0.075,0.075,0.075,0.1
1,0.175,0.075,0,0.025,0.075,0.075,0.15,0.05,0,0.175,0.05,0,0.025,0.025,0.05,0.05
1,0.2,0.075,0.075,0.05,0.05,0.125,0.025,0.075,0.05,0.075,0.075,0,0.075,0,0.05,0
1,0.275,0.05,0.025,0.175,0.05,0,0,0.025,0.05,0,0,0.025,0.15,0.025,0.05,0.1
1,0.025,0.175,0,0.025,0.15,0.05,0.05,0.05,0.05,0.025,0.05,0.075,0,0.05,0.1,0.125
1,0.05,0.05,0.025,0.075,0,0.075,0.05,0.125,0.1,0,0.05,0.075,0.05,0.125,0.1,0.05
1,0.025,0.05,0.025,0.05,0,0.025,0.125,0.05,0.1,0.075,0.075,0.1,0.025,0.05,0.125,0.1
1,0,0.025,0.075,0.05,0.025,0.125,0.1,0.05,0.075,0.075,0.05,0.1,0.05,0.05,0.075,0.075
1,0.125,0,0.175,0.025,0.05,0.05,0.025,0,0.075,0.075,0.1,0.125,0.05,0,0.1,0.025
1,0.075,0.025,0.05,0.075,0.05,0.025,0.125,0.05,0.1,0.2,0.1,0,0,0,0.125,0
1,0.075,0.075,0.05,0.1,0.05,0.075,0.025,0.075,0.025,0.05,0.025,0.075,0.15,0.025,0.075,0.05
1,0.275,0.05,0.075,0.05,0.05,0.025,0.025,0.05,0.075,0.025,0,0.05,0.075,0.05,0.025,0.1
1,0.075,0.05,0.125,0.05,0.025,0.025,0.05,0.025,0.15,0.05,0.175,0.075,0.05,0,0.075,0
1,0.2,0.05,0,0.05,0.05,0.025,0.025,0.1,0,0.025,0.025,0.05,0.075,0.1,0.05,0.175
1,0.075,0.05,0.075,0.075,0.1,0.075,0,0.025,0.025,0.05,0.05,0.1,0.075,0.025,0.125,0.075
1,0.1,0.125,0.025,0.05,0.1,0.05,0,0.1,0.025,0,0.025,0.075,0.075,0.075,0.05,0.125
1,0.075,0.05,0.05,0.025,0.025,0.05,0.075,0.025,0.1,0.025,0.125,0.075,0,0.025,0.1,0.175
1,0,0.025,0.05,0,0,0.15,0.2,0.025,0.075,0.1,0.025,0.1,0,0.1,0.025,0.125
1,0.1,0.025,0.025,0.1,0.025,0.075,0.075,0.025,0.05,0,0.125,0.1,0.05,0.1,0.05,0.075
1,0.1,0.025,0.075,0.125,0.05,0.1,0,0.05,0.1,0.025,0.05,0,0.075,0.05,0.05,0.125
1,0.05,0.1,0.025,0.025,0.15,0.15,0,0.1,0,0,0,0.05,0,0.125,0.025,0.2
1,0.075,0.05,0.075,0.075,0.025,0.1,0.05,0.025,0.125,0.05,0.1,0.05,0.05,0.025,0.075,0.05
1,0.1,0.025,0.075,0.075,0.025,0,0.05,0.025,0.1,0.025,0.125,0.1,0.075,0.05,0.1,0.05
1,0.075,0.025,0.125,0.05,0.05,0.025,0.05,0.025,0.1,0.05,0.1,0.075,0.05,0.05,0.05,0.1
1,0.025,0,0.1,0.075,0.05,0.025,0.075,0.075,0.125,0.05,0.05,0.05,0,0.125,0.075,0.1
1,0.075,0.075,0.075,0.025,0.075,0.075,0.15,0,0.075,0.1,0.1,0.075,0,0.05,0.025,0.025
1,0.05,0.1,0.075,0,0.075,0.075,0.075,0.1,0.1,0.025,0.025,0.075,0,0.125,0.05,0.05
1,0.075,0.075,0.025,0.05,0.05,0.075,0.125,0.075,0.05,0.075,0.05,0.05,0.05,0.075,0.05,0.05
1,0.05,0.025,0.125,0.05,0.025,0.025,0.05,0.075,0.1,0.1,0.025,0.05,0.075,0.025,0.075,0.125
1,0.2,0.05,0,0.1,0.025,0.05,0.05,0.025,0.075,0,0.025,0.05,0.05,0.025,0.075,0.2
1,0,0.025,0.05,0.075,0.025,0.175,0.025,0.125,0.025,0.05,0,0.05,0.125,0.1,0.05,0.1
1,0.05,0.025,0.025,0.075,0,0.025,0.1,0.05,0.075,0,0.125,0.075,0.075,0.1,0.025,0.175
1,0.15,0.075,0.05,0.05,0.1,0.05,0.025,0.15,0,0.05,0.025,0,0.075,0.125,0,0.075
1,0.15,0.05,0.025,0.05,0.1,0.175,0.075,0.05,0,0.05,0,0.05,0,0.125,0.025,0.075
1,0,0.075,0.05,0.05,0.075,0.075,0.125,0,0.025,0.05,0.1,0.1,0.075,0.075,0,0.125
1,0.125,0.075,0.05,0.075,0.075,0.05,0.075,0.025,0.025,0.05,0.1,0.075,0.1,0.075,0,0.025
1,0.025,0.025,0.05,0.025,0.075,0.075,0.125,0.075,0,0.1,0.05,0.1,0,0.15,0.05,0.075
1,0.1,0.075,0,0.1,0.075,0.025,0,0.1,0.025,0.025,0.025,0.05,0.075,0.075,0.1,0.15
